Rewards,Lengths,Loss1,Loss2,Q1,Q2,Best_Distances
1758.0,3361,1.32596,1.35216,0.79613,1.17754,1128
1444.0,1769,1.398959994316101,1.3895200490951538,1.9510300159454346,2.508150100708008,722
3017.0,9897,1.3807300329208374,1.381019949913025,2.676270008087158,3.244450092315674,1433
2235.0,5014,1.1994500160217285,1.194200038909912,2.9685800075531006,3.495959997177124,1796
2272.0,2470,1.4306999444961548,1.429460048675537,4.080629825592041,4.543499946594238,1419
1108.0,1071,1.744729995727539,1.741510033607483,4.811769962310791,5.2237701416015625,722
1493.0,3275,1.7171499729156494,1.7193599939346313,5.649819850921631,6.10821008682251,813
1894.0,4045,1.8960599899291992,1.8841400146484375,5.878990173339844,6.345210075378418,1423
1516.0,845,1.9140000343322754,1.909250020980835,6.027820110321045,6.523680210113525,723
720.0,379,2.042649984359741,2.0374999046325684,6.32125997543335,6.885580062866211,312
1176.0,1449,2.0060598850250244,1.9787800312042236,7.360579967498779,7.923689842224121,836
2019.0,2659,1.80840003490448,1.8027299642562866,8.059109687805176,8.492919921875,1137
2623.0,3049,1.7727299928665161,1.7713199853897095,8.554420471191406,8.876059532165527,1137
719.0,377,1.7868399620056152,1.7757200002670288,8.849220275878906,9.091360092163086,311
3092.0,4090,1.7253700494766235,1.7258100509643555,9.038129806518555,9.279999732971191,1226
2536.0,2479,1.4830100536346436,1.4811899662017822,9.355500221252441,9.483909606933594,1409
1203.0,1241,1.6231399774551392,1.6214499473571777,9.7816801071167,9.88422966003418,857
2027.0,2196,1.3784500360488892,1.3769500255584717,10.10060977935791,10.186019897460938,1227
1564.0,1833,1.2750099897384644,1.273460030555725,10.289340019226074,10.361889839172363,861
1064.0,1125,1.6719399690628052,1.6718699932098389,10.352569580078125,10.410470008850098,707
1769.0,2367,1.7604000568389893,1.7595200538635254,10.371529579162598,10.420689582824707,723
2241.0,1759,1.6145399808883667,1.6130399703979492,10.178549766540527,10.21615982055664,1138
2067.0,1779,1.5386199951171875,1.5381499528884888,10.370980262756348,10.382780075073242,1219
1437.0,1231,1.6340899467468262,1.6326500177383423,10.613129615783691,10.639300346374512,722
2387.0,2112,1.4015300273895264,1.3987699747085571,11.084190368652344,11.106800079345703,1127
2256.0,1523,1.5226800441741943,1.5215799808502197,11.484189987182617,11.496199607849121,1517
1987.0,1323,1.5524699687957764,1.5588099956512451,12.085709571838379,12.049779891967773,1230
1483.0,993,1.6851099729537964,1.690940022468567,12.441670417785645,12.438070297241211,724
2215.0,2151,2.1275100708007812,2.124389886856079,12.893580436706543,12.924079895019531,1129
2417.0,1975,2.1672799587249756,2.168109893798828,13.181340217590332,13.253620147705078,899
1629.0,1077,2.273129940032959,2.2699999809265137,13.388059616088867,13.444100379943848,865
2260.0,2495,2.2766900062561035,2.278510093688965,13.469320297241211,13.522769927978516,1129
2250.0,2578,2.3927600383758545,2.3953700065612793,13.118989944458008,13.178549766540527,1128
1521.0,980,2.1878700256347656,2.186660051345825,12.612460136413574,12.663299560546875,1126
2041.0,1377,2.4133501052856445,2.4158599376678467,12.617440223693848,12.666899681091309,1149
1824.0,1029,2.5563199520111084,2.5614099502563477,12.801440238952637,12.842519760131836,1434
2094.0,1326,2.428100109100342,2.4261600971221924,13.00426959991455,13.052630424499512,1128
1859.0,1392,2.3124399185180664,2.310189962387085,13.458860397338867,13.462499618530273,1126
1643.0,1118,2.481689929962158,2.479530096054077,13.853300094604492,13.86892032623291,1435
1515.0,1017,2.7915499210357666,2.7912099361419678,14.294079780578613,14.308919906616211,1129
1657.0,1431,2.507539987564087,2.5059800148010254,14.480179786682129,14.509570121765137,898
690.0,417,2.5886800289154053,2.583440065383911,14.758970260620117,14.754019737243652,306
1454.0,1996,2.8521299362182617,2.8548901081085205,14.689680099487305,14.698780059814453,1439
1089.0,815,2.6892800331115723,2.6882400512695312,14.24425983428955,14.241120338439941,703
2592.0,1891,2.489680051803589,2.4887800216674805,13.97484016418457,13.970549583435059,1429
1087.0,611,2.663059949874878,2.6621499061584473,13.761870384216309,13.764479637145996,724
2717.0,1248,2.688699960708618,2.6854300498962402,14.32748031616211,14.315320014953613,1529
1983.0,1183,2.5158400535583496,2.5131399631500244,14.81039047241211,14.812919616699219,1791
3270.0,2160,2.3838400840759277,2.384079933166504,15.211609840393066,15.227829933166504,3161
2476.0,1224,2.428149938583374,2.430540084838867,15.808870315551758,15.803609848022461,1439
2032.0,1253,2.464240074157715,2.46724009513855,16.23904037475586,16.296720504760742,2016
2060.0,1533,2.3935399055480957,2.3955700397491455,16.712120056152344,16.769840240478516,1126
1514.0,971,2.2927498817443848,2.2888898849487305,17.0132999420166,17.10750961303711,724
2597.0,1795,2.5490200519561768,2.549410104751587,17.354000091552734,17.442190170288086,1435
1487.0,932,2.3755099773406982,2.376189947128296,17.269149780273438,17.339250564575195,1433
2076.0,1669,2.5054500102996826,2.504699945449829,17.101409912109375,17.13681983947754,1129
1083.0,583,2.304800033569336,2.3048300743103027,16.97109031677246,16.98979949951172,688
2956.0,1754,2.4860401153564453,2.4869298934936523,16.654340744018555,16.678590774536133,1787
1438.0,865,2.623349905014038,2.620729923248291,16.550189971923828,16.565799713134766,682
1487.0,950,2.411060094833374,2.4098498821258545,16.70561981201172,16.71735954284668,1439
706.0,377,2.685570001602173,2.686880111694336,16.557180404663086,16.56144905090332,311
1910.0,1141,2.595679998397827,2.597759962081909,16.795989990234375,16.809680938720703,1129
1930.0,1100,2.212290048599243,2.211199998855591,16.797529220581055,16.792179107666016,1130
1512.0,767,2.35588002204895,2.3550000190734863,17.116830825805664,17.12186050415039,1129
2675.0,2461,2.552870035171509,2.5528600215911865,17.044950485229492,17.06155014038086,1129
2725.0,1547,2.5363500118255615,2.5360898971557617,17.146469116210938,17.152990341186523,1136
3757.0,1828,2.271939992904663,2.2709100246429443,17.569900512695312,17.58700942993164,2760
4659.0,2669,2.2239599227905273,2.2224700450897217,18.017330169677734,18.0351505279541,3161
4483.0,2683,1.8336199522018433,1.832509994506836,18.35276985168457,18.375110626220703,3161
2036.0,1283,1.8909200429916382,1.8924800157546997,18.754680633544922,18.757400512695312,1262
2711.0,1510,1.9622600078582764,1.962090015411377,18.793569564819336,18.809160232543945,2471
1994.0,1039,1.6926300525665283,1.69228994846344,19.053010940551758,19.066530227661133,1414
4398.0,2323,1.9730199575424194,1.9732099771499634,18.84457015991211,18.870750427246094,3161
5095.0,3461,2.123349905014038,2.1226000785827637,18.918380737304688,18.91897964477539,3161
2560.0,1447,2.1174700260162354,2.119729995727539,18.46217918395996,18.472259521484375,2021
2182.0,1087,2.2544400691986084,2.2560300827026367,18.350479125976562,18.354150772094727,1796
1598.0,1359,2.2719099521636963,2.272739887237549,18.503950119018555,18.520599365234375,828
2233.0,1437,2.21016001701355,2.211329936981201,18.072839736938477,18.101360321044922,1131
1216.0,963,2.5208499431610107,2.521440029144287,17.84354019165039,17.871049880981445,861
1120.0,573,2.350450038909912,2.351210117340088,17.32777976989746,17.350509643554688,723
2009.0,1216,2.3507399559020996,2.350450038909912,17.001150131225586,17.011030197143555,1439
722.0,357,2.6077098846435547,2.610069990158081,16.80876922607422,16.797849655151367,314
3442.0,2201,2.520479917526245,2.5209200382232666,17.25579071044922,17.227109909057617,2470
1868.0,946,2.420069932937622,2.4194600582122803,17.821779251098633,17.795700073242188,1130
2044.0,1177,2.606369972229004,2.6047298908233643,17.794300079345703,17.762310028076172,1128
1609.0,854,2.6094601154327393,2.608690023422241,17.68423080444336,17.63912010192871,1527
1503.0,944,2.379539966583252,2.378849983215332,17.813989639282227,17.785329818725586,1129
1522.0,815,2.5291099548339844,2.5277299880981445,18.00172996520996,17.984880447387695,1439
2287.0,1659,2.658440113067627,2.657860040664673,18.08831024169922,18.076629638671875,1129
2227.0,1098,2.5101799964904785,2.50954008102417,18.120729446411133,18.105579376220703,1433
1505.0,1288,2.5311501026153564,2.5299599170684814,17.962520599365234,17.966699600219727,1129
1895.0,915,2.6124300956726074,2.6131699085235596,18.04751968383789,18.045249938964844,1129
1492.0,728,2.4158999919891357,2.416379928588867,18.119089126586914,18.11216926574707,1438
2065.0,1362,3.009589910507202,3.0090999603271484,17.813199996948242,17.828969955444336,1944
1520.0,710,2.9593400955200195,2.9591898918151855,17.837690353393555,17.845279693603516,1128
2315.0,1425,2.8568999767303467,2.857140064239502,18.04132080078125,18.057960510253906,1129
1110.0,651,2.5989999771118164,2.598720073699951,17.601280212402344,17.613300323486328,698
1142.0,489,2.792910099029541,2.790489912033081,17.543729782104492,17.540489196777344,722
740.0,361,2.9366700649261475,2.93789005279541,18.055599212646484,18.057750701904297,316
1509.0,1233,2.4922099113464355,2.492000102996826,18.515899658203125,18.483829498291016,1129
2746.0,1453,3.059659957885742,3.0586400032043457,17.91115951538086,17.88637924194336,1150
1810.0,1347,3.0306100845336914,3.0299599170684814,18.182430267333984,18.149999618530273,899
2603.0,1506,2.8759799003601074,2.8748199939727783,17.870460510253906,17.84786033630371,1428
1602.0,899,2.935270071029663,2.9354801177978516,17.84579086303711,17.849639892578125,1222
1654.0,1161,2.4190099239349365,2.4172799587249756,17.988710403442383,17.983259201049805,899
740.0,333,2.269059896469116,2.268079996109009,17.969669342041016,17.9652099609375,315
2076.0,1356,2.7393798828125,2.7390999794006348,18.067230224609375,18.059600830078125,1128
3620.0,1771,2.468169927597046,2.4672598838806152,18.251150131225586,18.234790802001953,2469
1583.0,699,2.535399913787842,2.5336999893188477,18.801240921020508,18.775800704956055,1516
2319.0,1475,2.49495005607605,2.495650053024292,18.863359451293945,18.846179962158203,1150
2031.0,1035,2.551769971847534,2.5512900352478027,18.507530212402344,18.516189575195312,1962
724.0,345,2.475399971008301,2.4782800674438477,19.131980895996094,19.12476921081543,313
2844.0,1539,2.4233100414276123,2.4229800701141357,19.236679077148438,19.225740432739258,1803
1520.0,756,2.3130600452423096,2.3115200996398926,19.698379516601562,19.715299606323242,1439
1502.0,960,2.631649971008301,2.632040023803711,19.690349578857422,19.67561912536621,1436
2332.0,1171,2.5113699436187744,2.512200117111206,19.604080200195312,19.601350784301758,1129
740.0,337,2.778090000152588,2.7786800861358643,19.666240692138672,19.656110763549805,316
1735.0,1018,2.6929099559783936,2.6906800270080566,19.86840057373047,19.85708999633789,1502
2587.0,1644,2.7984299659729004,2.797719955444336,19.61547088623047,19.601179122924805,1412
711.0,417,2.7392001152038574,2.7393200397491455,19.42106056213379,19.40888023376465,313
1100.0,729,2.8729400634765625,2.8722898960113525,19.68398094177246,19.66200065612793,710
2898.0,1728,2.8213698863983154,2.819390058517456,19.480499267578125,19.460119247436523,1141
2389.0,1497,2.5545599460601807,2.554529905319214,19.193050384521484,19.165170669555664,1129
2154.0,1086,2.480109930038452,2.479480028152466,19.108549118041992,19.091840744018555,1942
1663.0,897,2.357599973678589,2.356980085372925,19.185680389404297,19.17293930053711,1512
2413.0,1515,2.3829898834228516,2.3841700553894043,18.736730575561523,18.763809204101562,1788
1595.0,1201,2.508389949798584,2.5104000568389893,18.569900512695312,18.595909118652344,1221
1080.0,665,2.387809991836548,2.388309955596924,18.556690216064453,18.586650848388672,679
1697.0,925,2.4798998832702637,2.4803099632263184,18.50782012939453,18.53615951538086,900
1497.0,759,2.2715299129486084,2.270279884338379,18.551870346069336,18.560890197753906,708
1784.0,1207,2.2679800987243652,2.2686100006103516,18.608280181884766,18.611080169677734,900
2815.0,1366,2.4126200675964355,2.4122300148010254,18.692089080810547,18.69598960876465,1246
2015.0,965,2.378459930419922,2.3782200813293457,19.117950439453125,19.12643051147461,1789
2279.0,1105,2.615489959716797,2.614650011062622,19.368640899658203,19.3664608001709,1127
2738.0,1357,2.260629892349243,2.2599499225616455,19.66737937927246,19.655899047851562,1136
1582.0,698,2.5349600315093994,2.5350899696350098,19.844860076904297,19.837270736694336,1517
3005.0,1569,2.6468799114227295,2.646749973297119,20.305559158325195,20.3245906829834,2019
1656.0,999,2.5203499794006348,2.5221099853515625,20.39484977722168,20.407930374145508,1525
1593.0,867,2.5148799419403076,2.516510009765625,20.33803939819336,20.353370666503906,817
1908.0,1449,2.363569974899292,2.3636300563812256,20.623159408569336,20.61343002319336,1126
2104.0,927,2.655240058898926,2.654520034790039,20.444290161132812,20.444910049438477,1785
741.0,319,1.621250033378601,1.621150016784668,20.748220443725586,20.758689880371094,315
2002.0,1567,2.5649800300598145,2.565540075302124,20.423450469970703,20.406579971313477,1128
2309.0,1508,2.555619955062866,2.554529905319214,19.57086944580078,19.560989379882812,1130
710.0,371,2.0883700847625732,2.087599992752075,18.97381019592285,18.950809478759766,310
2085.0,1302,2.731029987335205,2.730950117111206,18.65566062927246,18.655670166015625,1128
1628.0,1133,3.0102999210357666,3.0099198818206787,18.55554962158203,18.566999435424805,1437
1877.0,930,2.4992001056671143,2.498929977416992,18.648130416870117,18.65114974975586,1130
2015.0,1059,2.3903000354766846,2.3897199630737305,18.626689910888672,18.6214599609375,1126
1564.0,846,2.754770040512085,2.753999948501587,19.004840850830078,18.994319915771484,1523
3024.0,1448,2.749000072479248,2.7492001056671143,19.227230072021484,19.219829559326172,2469
3070.0,1519,2.5284199714660645,2.5283401012420654,19.502769470214844,19.50071907043457,2472
1096.0,515,2.3894898891448975,2.389270067214966,20.141799926757812,20.140750885009766,681
1897.0,902,2.4291300773620605,2.4296200275421143,20.383359909057617,20.388019561767578,1128
2850.0,1612,2.214629888534546,2.2146799564361572,20.381080627441406,20.376989364624023,1129
1115.0,551,2.3062100410461426,2.3045499324798584,20.444669723510742,20.450620651245117,702
1936.0,1338,2.603339910507202,2.6028499603271484,20.564809799194336,20.578250885009766,1673
2174.0,1434,2.418030023574829,2.419250011444092,20.07921028137207,20.10239028930664,1434
2456.0,1593,2.4368200302124023,2.435920000076294,19.791799545288086,19.790470123291016,1439
1561.0,1111,2.549299955368042,2.548419952392578,19.14777946472168,19.15570068359375,855
3454.0,2111,2.544719934463501,2.544569969177246,18.633270263671875,18.63340950012207,1785
1840.0,971,2.4887900352478027,2.4886600971221924,18.54973030090332,18.53704071044922,1816
2309.0,1264,2.4014699459075928,2.400589942932129,18.527240753173828,18.512929916381836,1130
3457.0,1739,2.3336899280548096,2.3328099250793457,18.70248031616211,18.699079513549805,1245
1995.0,1019,1.8744100332260132,1.8739299774169922,19.205429077148438,19.192880630493164,1241
3547.0,2351,2.21737003326416,2.2173099517822266,19.300369262695312,19.292640686035156,2025
2987.0,1655,2.0871100425720215,2.086329936981201,19.39613914489746,19.39575958251953,1793
2190.0,1308,2.138849973678589,2.1385600566864014,19.310209274291992,19.306360244750977,1414
2961.0,1615,2.263159990310669,2.263439893722534,19.264650344848633,19.25181007385254,2469
2657.0,1278,2.5611701011657715,2.5624799728393555,19.385669708251953,19.373979568481445,1526
2428.0,1416,2.2481300830841064,2.247730016708374,19.19066047668457,19.193639755249023,1243
1105.0,503,2.6946699619293213,2.69566011428833,18.79680061340332,18.78458023071289,691
2829.0,1677,2.3202099800109863,2.3224599361419678,19.09787940979004,19.109159469604492,2470
2759.0,1929,2.3901000022888184,2.389539957046509,19.318960189819336,19.287790298461914,1433
4086.0,2890,2.4778199195861816,2.4773199558258057,18.874940872192383,18.866310119628906,3161
1967.0,1091,2.375540018081665,2.3752501010894775,18.118289947509766,18.095149993896484,826
1574.0,973,2.540719985961914,2.5397799015045166,18.12455940246582,18.13249969482422,811
2144.0,1570,2.5845999717712402,2.583620071411133,17.870819091796875,17.842790603637695,1977
3048.0,1346,2.064840078353882,2.064739942550659,17.542800903320312,17.517770767211914,2476
1972.0,1016,2.006200075149536,2.0061299800872803,18.439420700073242,18.414369583129883,1957
2596.0,1182,2.4093799591064453,2.409290075302124,18.978330612182617,18.95439910888672,2026
2723.0,1331,2.4480299949645996,2.4467599391937256,19.373849868774414,19.361120223999023,1525
3127.0,1763,2.389970064163208,2.389169931411743,19.594900131225586,19.587459564208984,2472
1855.0,1111,2.370850086212158,2.3709099292755127,19.91581916809082,19.94070053100586,724
1878.0,966,2.574270009994507,2.574510097503662,19.948820114135742,19.964420318603516,1129
1121.0,601,2.4406800270080566,2.44143009185791,20.381309509277344,20.393659591674805,709
2718.0,1541,2.236639976501465,2.236959934234619,20.2506103515625,20.275760650634766,1152
1479.0,853,2.581389904022217,2.583209991455078,20.008020401000977,19.999500274658203,1433
1859.0,1463,2.474289894104004,2.4738099575042725,19.644569396972656,19.606399536132812,1127
2015.0,1040,2.7014000415802,2.7007100582122803,19.12442970275879,19.10466957092285,1435
2432.0,1439,2.3070099353790283,2.3064498901367188,19.009380340576172,19.00904083251953,1151
2255.0,1176,2.686729907989502,2.6867198944091797,19.101760864257812,19.098039627075195,1130
2311.0,1584,2.6967599391937256,2.695159912109375,18.92098045349121,18.909889221191406,1130
2604.0,1347,2.697000026702881,2.6963601112365723,18.755279541015625,18.754819869995117,1414
2119.0,1103,2.536250114440918,2.53590989112854,18.894960403442383,18.8941593170166,1512
1664.0,1025,2.5149900913238525,2.515130043029785,18.681800842285156,18.665170669555664,898
2606.0,1545,2.478179931640625,2.4777400493621826,18.923860549926758,18.906780242919922,2024
2050.0,973,2.644589900970459,2.6451001167297363,19.158639907836914,19.149940490722656,1674
2811.0,1373,2.4059500694274902,2.406090021133423,19.54170036315918,19.56281089782715,1798
3787.0,1861,2.2593801021575928,2.2600200176239014,20.0712890625,20.079309463500977,2476
1920.0,883,2.146470069885254,2.147710084915161,20.343469619750977,20.357709884643555,1123
2411.0,1165,2.2771999835968018,2.2811501026153564,20.84800910949707,20.85222053527832,1791
2264.0,1501,2.2267301082611084,2.2263600826263428,20.63970947265625,20.64929962158203,1520
1588.0,830,2.455519914627075,2.455319881439209,20.670949935913086,20.68531036376953,1512
1514.0,834,2.5538899898529053,2.5548501014709473,20.769729614257812,20.76944923400879,1439
737.0,357,2.716480016708374,2.7164700031280518,20.8222599029541,20.857410430908203,316
1907.0,1414,2.4155900478363037,2.4156599044799805,20.16507911682129,20.166990280151367,1127
1902.0,1050,2.6217501163482666,2.6222000122070312,19.51127052307129,19.51814079284668,1128
1493.0,1435,2.6845200061798096,2.68435001373291,19.063310623168945,19.08403968811035,1127
1482.0,1007,2.82915997505188,2.830310106277466,18.195749282836914,18.2249698638916,1437
1283.0,885,2.8224799633026123,2.8222999572753906,18.141429901123047,18.147220611572266,900
5055.0,3273,2.523560047149658,2.523439884185791,17.93454933166504,17.928739547729492,3161
1461.0,1016,2.71835994720459,2.7185699939727783,17.09181022644043,17.08456039428711,1426
2413.0,1605,2.2070400714874268,2.206389904022217,17.000080108642578,16.973329544067383,1138
2088.0,1398,2.181119918823242,2.180989980697632,16.868589401245117,16.84786033630371,1128
1085.0,583,2.0344600677490234,2.034169912338257,16.884140014648438,16.865219116210938,711
1849.0,1219,2.0343499183654785,2.033720016479492,17.39015007019043,17.37969970703125,699
1100.0,549,1.9692100286483765,1.9685699939727783,17.139259338378906,17.14488983154297,697
1093.0,473,2.2724599838256836,2.2713398933410645,17.491239547729492,17.488359451293945,683
735.0,325,2.048460006713867,2.0491199493408203,17.67901039123535,17.667499542236328,315
1099.0,749,2.26242995262146,2.262939929962158,17.446399688720703,17.439199447631836,694
741.0,319,2.2667601108551025,2.2664499282836914,17.89958953857422,17.915550231933594,315
734.0,325,2.6859800815582275,2.685260057449341,17.41621971130371,17.407730102539062,315
737.0,331,2.4967899322509766,2.495850086212158,18.353710174560547,18.35080909729004,315
737.0,323,3.4047598838806152,3.4034299850463867,18.181869506835938,18.174009323120117,315
741.0,319,2.752579927444458,2.7528700828552246,19.10736083984375,19.101299285888672,315
741.0,319,2.665980100631714,2.665750026702881,19.405029296875,19.414339065551758,315
739.0,319,2.476670026779175,2.480340003967285,19.716930389404297,19.72386932373047,315
740.0,319,3.226560115814209,3.22652006149292,19.641490936279297,19.629199981689453,315
1077.0,1239,2.960170030593872,2.959630012512207,19.503679275512695,19.49304962158203,704
1530.0,2049,3.5597500801086426,3.5590898990631104,17.638839721679688,17.634170532226562,1526
1480.0,848,3.274290084838867,3.2756199836730957,17.294029235839844,17.300199508666992,1436
2144.0,2158,3.4052300453186035,3.4057700634002686,16.90654945373535,16.920040130615234,1436
2125.0,1446,3.268079996109009,3.2679998874664307,15.652729988098145,15.661789894104004,1522
1488.0,1352,2.7675600051879883,2.7670700550079346,15.60929012298584,15.61106014251709,1128
3494.0,1660,2.5997300148010254,2.600100040435791,16.155380249023438,16.14763069152832,3161
3244.0,1424,2.3154799938201904,2.3155300617218018,17.645339965820312,17.629030227661133,1243
5063.0,2386,2.1361100673675537,2.1358799934387207,19.109460830688477,19.096399307250977,3161
1557.0,764,1.9428000450134277,1.9431500434875488,19.754810333251953,19.750659942626953,1521
2358.0,1003,2.070189952850342,2.0705599784851074,20.141599655151367,20.149110794067383,1677
1716.0,1331,2.018470048904419,2.0201399326324463,20.197799682617188,20.247060775756836,839
1520.0,878,2.3178300857543945,2.3157899379730225,20.475000381469727,20.487300872802734,1439
1866.0,1355,2.2796499729156494,2.278670072555542,20.517440795898438,20.527690887451172,1127
1530.0,793,2.5641400814056396,2.5630300045013428,20.177520751953125,20.185680389404297,1129
2730.0,1871,2.5965099334716797,2.597520112991333,19.51453971862793,19.500059127807617,1155
3182.0,1959,2.385780096054077,2.3852200508117676,18.354440689086914,18.33289909362793,1436
1647.0,1175,2.66087007522583,2.659940004348755,18.18301010131836,18.157989501953125,898
1455.0,860,2.302370071411133,2.301990032196045,18.00041961669922,17.97270965576172,1414
1672.0,1420,2.53629994392395,2.534480094909668,17.477649688720703,17.460039138793945,1675
2880.0,1688,2.338560104370117,2.3383901119232178,17.33441925048828,17.314889907836914,1789
3195.0,1615,1.9996399879455566,1.9998600482940674,18.351749420166016,18.339879989624023,2469
5279.0,2551,2.088779926300049,2.0890700817108154,19.484779357910156,19.483810424804688,3161
4598.0,2190,1.9909600019454956,1.9907100200653076,20.309329986572266,20.32033920288086,3161
2581.0,1123,1.8971099853515625,1.8974299430847168,20.619190216064453,20.622539520263672,1798
1759.0,911,2.207279920578003,2.2070999145507812,20.85732078552246,20.860519409179688,1675
2322.0,1101,1.8833600282669067,1.8821799755096436,21.237279891967773,21.24464988708496,1527
2286.0,1521,1.8089900016784668,1.8109400272369385,21.082149505615234,21.09663963317871,1129
1932.0,856,1.9900000095367432,1.9898799657821655,20.883960723876953,20.891700744628906,1785
3183.0,1634,2.11722993850708,2.1171000003814697,20.81882095336914,20.850439071655273,2475
1513.0,1059,2.2840399742126465,2.2840800285339355,20.8543701171875,20.85565948486328,1132
1589.0,835,2.393009901046753,2.3926498889923096,20.577829360961914,20.57440948486328,1530
2410.0,1524,2.42864990234375,2.4290199279785156,20.237329483032227,20.235490798950195,1231
3571.0,2085,2.309070110321045,2.3084099292755127,19.46710968017578,19.45488929748535,1523
3054.0,1737,2.472559928894043,2.4717800617218018,19.19485092163086,19.179359436035156,1781
1563.0,872,2.3715100288391113,2.3715500831604004,19.470239639282227,19.451290130615234,1530
3927.0,1749,2.419329881668091,2.4190499782562256,19.879789352416992,19.86713981628418,3161
3444.0,1742,2.2153499126434326,2.2151598930358887,19.910030364990234,19.90350914001465,3161
2588.0,1234,2.1553099155426025,2.1551599502563477,20.202199935913086,20.200830459594727,2019
720.0,389,1.957419991493225,1.9568500518798828,20.51576042175293,20.509199142456055,313
1471.0,757,2.4558799266815186,2.4563400745391846,20.62660026550293,20.620899200439453,705
2794.0,1198,2.587670087814331,2.5873401165008545,21.1500301361084,21.146730422973633,1673
2047.0,1184,2.4194400310516357,2.4208600521087646,21.11920928955078,21.117000579833984,1435
1903.0,1513,2.4419500827789307,2.443579912185669,20.89381980895996,20.896120071411133,1128
1866.0,999,2.6143300533294678,2.613569974899292,20.35409927368164,20.344900131225586,1785
2608.0,1591,2.6325199604034424,2.632349967956543,19.903030395507812,19.904069900512695,1434
724.0,385,2.719520092010498,2.720900058746338,19.927799224853516,19.938570022583008,315
1489.0,1185,2.7954599857330322,2.79502010345459,19.439430236816406,19.438379287719727,722
1120.0,553,2.6498100757598877,2.6461899280548096,18.870630264282227,18.84827995300293,713
2071.0,1371,2.6042098999023438,2.6040399074554443,18.68968963623047,18.670169830322266,1794
706.0,365,2.56072998046875,2.5599000453948975,18.46500015258789,18.463640213012695,309
1108.0,865,2.7373600006103516,2.738110065460205,18.2397403717041,18.235889434814453,724
1775.0,1354,2.525559902191162,2.5252299308776855,16.990440368652344,16.998899459838867,1672
1448.0,619,2.8920199871063232,2.8917698860168457,17.691160202026367,17.68161964416504,679
2089.0,954,2.8052399158477783,2.8052499294281006,17.895139694213867,17.89031982421875,2023
2313.0,991,2.901789903640747,2.9021100997924805,18.166410446166992,18.154489517211914,1805
2373.0,1247,2.686379909515381,2.6860499382019043,18.836559295654297,18.831180572509766,1789
2698.0,1273,2.5999701023101807,2.600100040435791,19.163440704345703,19.154939651489258,1124
1525.0,841,2.1368000507354736,2.1364800930023193,19.834619522094727,19.831289291381836,1124
1655.0,841,2.55295991897583,2.5522899627685547,20.072120666503906,20.073179244995117,1435
2604.0,1207,2.6726601123809814,2.672179937362671,20.527130126953125,20.53219985961914,1409
1513.0,1140,2.226599931716919,2.22691011428833,20.555130004882812,20.572439193725586,1129
1517.0,824,2.1983799934387207,2.2002499103546143,21.053970336914062,21.070980072021484,1129
2610.0,1482,2.872309923171997,2.872499942779541,20.248140335083008,20.239070892333984,1430
2329.0,1218,2.344059944152832,2.344789981842041,19.92490005493164,19.908130645751953,1130
2315.0,1426,2.4834399223327637,2.4833500385284424,19.765199661254883,19.75225067138672,1129
1874.0,1103,2.4702000617980957,2.469170093536377,19.437210083007812,19.429380416870117,722
2352.0,1385,2.5749800205230713,2.573199987411499,19.453060150146484,19.432079315185547,1779
4613.0,2836,2.426949977874756,2.427459955215454,18.622440338134766,18.62027931213379,3161
716.0,373,2.379120111465454,2.3788199424743652,18.55876922607422,18.57209014892578,311
1095.0,641,2.9414000511169434,2.9432499408721924,18.414060592651367,18.425439834594727,686
1069.0,625,2.4430201053619385,2.4419798851013184,18.511959075927734,18.53404998779297,710
3640.0,2125,2.6798698902130127,2.680000066757202,18.04854965209961,18.064250946044922,1674
3105.0,1409,2.720410108566284,2.721529960632324,18.766590118408203,18.78529930114746,1952
1453.0,679,2.7359700202941895,2.735369920730591,19.170549392700195,19.183460235595703,682
1677.0,919,2.2206099033355713,2.2204699516296387,19.738019943237305,19.741870880126953,1529
1447.0,605,2.3981199264526367,2.397289991378784,19.68364906311035,19.681930541992188,679
1530.0,754,2.6050100326538086,2.6050899028778076,20.225290298461914,20.222410202026367,1125
1572.0,922,2.591480016708374,2.593139886856079,19.819259643554688,19.82356071472168,1512
2492.0,1521,2.578010082244873,2.5776801109313965,20.039100646972656,20.040620803833008,1127
2549.0,1310,2.5587899684906006,2.559079885482788,20.075599670410156,20.084760665893555,1514
2280.0,1355,2.3628599643707275,2.363460063934326,20.692169189453125,20.720579147338867,1128
3043.0,1997,2.6794300079345703,2.6799099445343018,20.156049728393555,20.158090591430664,1882
3939.0,1764,2.524199962615967,2.5250298976898193,19.379270553588867,19.377809524536133,1955
4004.0,1993,2.4618499279022217,2.462280035018921,19.372209548950195,19.370800018310547,2474
2339.0,1005,2.0254199504852295,2.0248498916625977,19.978349685668945,19.988779067993164,2024
1649.0,753,2.0468599796295166,2.0464999675750732,20.736339569091797,20.745359420776367,1243
1513.0,753,2.5297598838806152,2.530910015106201,20.729970932006836,20.738420486450195,723
4137.0,2695,2.127739906311035,2.1268301010131836,20.732040405273438,20.726789474487305,3161
2724.0,1157,2.2605299949645996,2.260590076446533,20.709129333496094,20.690160751342773,1525
1554.0,891,2.451539993286133,2.4511499404907227,20.997570037841797,20.99789047241211,1520
1610.0,789,2.2809998989105225,2.2808001041412354,20.88089942932129,20.8824405670166,1541
5430.0,3203,2.3698599338531494,2.369760036468506,20.78183937072754,20.760290145874023,3161
1598.0,969,2.2865700721740723,2.2870399951934814,19.7320499420166,19.728870391845703,823
1996.0,1128,2.415879964828491,2.414910078048706,19.2091007232666,19.20401954650879,1949
1225.0,887,2.1194698810577393,2.1186699867248535,18.838539123535156,18.817289352416992,833
1277.0,767,2.5741500854492188,2.5734798908233643,18.844219207763672,18.830909729003906,899
5207.0,3368,2.2055599689483643,2.205590009689331,19.174129486083984,19.169960021972656,3161
2591.0,1189,2.4814999103546143,2.480829954147339,17.971660614013672,17.971200942993164,1530
1520.0,888,2.243760108947754,2.2431800365448,18.120960235595703,18.122289657592773,1154
2056.0,1277,2.1617300510406494,2.162209987640381,18.373979568481445,18.367399215698242,2022
2543.0,1218,2.1989400386810303,2.198359966278076,18.710020065307617,18.70220947265625,1424
1079.0,595,2.597949981689453,2.598210096359253,18.817319869995117,18.81439971923828,694
4102.0,2076,2.21016001701355,2.209779977798462,19.363140106201172,19.362369537353516,2018
2164.0,1285,2.473759889602661,2.474179983139038,19.012630462646484,19.024560928344727,1433
724.0,359,2.5972399711608887,2.593480110168457,19.2464599609375,19.250619888305664,313
2079.0,1028,2.193160057067871,2.191849946975708,19.851150512695312,19.849369049072266,1439
2250.0,1132,2.711019992828369,2.713520050048828,20.60740089416504,20.614599227905273,1123
2314.0,1458,2.2410800457000732,2.2411699295043945,20.117799758911133,20.109140396118164,1129
723.0,389,2.3315200805664062,2.3310599327087402,20.405099868774414,20.4035701751709,312
2585.0,1817,2.6224300861358643,2.6225199699401855,19.879379272460938,19.874109268188477,1424
3391.0,2236,2.6157801151275635,2.6159300804138184,19.206649780273438,19.210479736328125,2776
4711.0,3635,2.3292999267578125,2.328779935836792,18.18454933166504,18.160560607910156,3161
1584.0,718,2.558609962463379,2.558919906616211,17.171789169311523,17.1517391204834,1523
1888.0,952,2.127650022506714,2.1268999576568604,17.2591495513916,17.232389450073242,1126
2003.0,1285,1.9815499782562256,1.9808800220489502,17.263980865478516,17.2355899810791,1242
1634.0,1282,2.4886999130249023,2.487760066986084,16.984600067138672,16.96463966369629,1433
2219.0,1598,2.1412301063537598,2.140810012817383,16.867740631103516,16.84749984741211,1438
2131.0,1625,2.3429200649261475,2.3431999683380127,16.539979934692383,16.51470947265625,1513
1817.0,1138,2.4105300903320312,2.4097800254821777,16.177949905395508,16.16275978088379,1673
1093.0,905,2.3969600200653076,2.397200107574463,16.46194076538086,16.45693016052246,722
1616.0,874,2.6494500637054443,2.6497700214385986,16.601900100708008,16.5841007232666,1415
1458.0,679,2.2597100734710693,2.2604498863220215,16.858789443969727,16.84943962097168,691
1678.0,889,2.216520071029663,2.216320037841797,16.571950912475586,16.561599731445312,1439
1746.0,925,2.3966100215911865,2.397710084915161,17.496469497680664,17.490020751953125,1507
2580.0,1408,2.36545991897583,2.364959955215454,17.76375961303711,17.755430221557617,2474
3163.0,1374,2.3043899536132812,2.3046000003814697,18.730310440063477,18.72279930114746,2474
1969.0,830,2.446510076522827,2.446810007095337,19.656429290771484,19.654399871826172,1675
2895.0,1665,2.1911299228668213,2.190579891204834,20.06808090209961,20.071229934692383,1788
721.0,475,2.4325098991394043,2.4296000003814697,20.164220809936523,20.160690307617188,314
1698.0,1336,2.335390090942383,2.3346099853515625,19.761240005493164,19.764270782470703,1671
1869.0,970,2.7259199619293213,2.725709915161133,19.631940841674805,19.644899368286133,1128
1900.0,1177,2.4887900352478027,2.488179922103882,19.667999267578125,19.662010192871094,1136
1636.0,902,2.592439889907837,2.592679977416992,19.3602294921875,19.34832000732422,1431
2420.0,1452,2.2020599842071533,2.2025699615478516,19.033010482788086,19.040199279785156,1245
2301.0,1751,2.606689929962158,2.606019973754883,18.394559860229492,18.380279541015625,1129
1561.0,791,2.8139400482177734,2.8131799697875977,17.344310760498047,17.319520950317383,799
1439.0,786,2.8139801025390625,2.81387996673584,18.219209671020508,18.20911979675293,1416
1888.0,1046,2.6963798999786377,2.696280002593994,17.89842987060547,17.883140563964844,1126
1953.0,929,2.663939952850342,2.6636500358581543,18.32720947265625,18.32819938659668,1151
1520.0,965,2.334559917449951,2.3352699279785156,18.65835952758789,18.64505958557129,1150
5040.0,2680,2.7032299041748047,2.703320026397705,18.916629791259766,18.92205047607422,3161
5762.0,3516,2.329119920730591,2.328900098800659,19.052419662475586,19.053789138793945,3161
1847.0,859,2.2712299823760986,2.2715001106262207,19.12972068786621,19.136150360107422,1783
1657.0,858,2.240679979324341,2.2408599853515625,19.212160110473633,19.2122802734375,1439
1725.0,769,2.655980110168457,2.655669927597046,19.470779418945312,19.461029052734375,1661
3123.0,1543,2.26213002204895,2.2619500160217285,19.96755027770996,19.96571922302246,2470
2730.0,1337,2.0991199016571045,2.0996999740600586,19.646240234375,19.651220321655273,1962
1909.0,1471,2.129319906234741,2.1293399333953857,19.853349685668945,19.84440040588379,1130
2297.0,1518,2.3556699752807617,2.355829954147339,19.34613037109375,19.34469985961914,1130
2143.0,1045,2.4182000160217285,2.418459892272949,19.365020751953125,19.357940673828125,1956
1872.0,1061,2.383820056915283,2.3839099407196045,20.022159576416016,20.011760711669922,1130
3411.0,1757,2.5486600399017334,2.5484399795532227,19.396730422973633,19.393159866333008,3161
2313.0,1273,2.3289899826049805,2.3291499614715576,19.223140716552734,19.218870162963867,1128
2511.0,1250,2.4167399406433105,2.417249917984009,19.660810470581055,19.661109924316406,2471
2257.0,951,2.113070011138916,2.113219976425171,19.759639739990234,19.770719528198242,1792
1840.0,804,2.2023000717163086,2.202430009841919,20.581510543823242,20.600799560546875,1799
3110.0,1435,2.426270008087158,2.4263200759887695,21.091289520263672,21.109420776367188,2476
2752.0,1247,2.256769895553589,2.257200002670288,21.624080657958984,21.62965965270996,2473
3973.0,1897,2.1226398944854736,2.123310089111328,22.05579948425293,22.059419631958008,3161
2493.0,1127,2.20809006690979,2.207509994506836,22.365140914916992,22.36672019958496,2026
3499.0,2016,2.2339999675750732,2.2342100143432617,22.341279983520508,22.332059860229492,1526
1987.0,1133,2.31466007232666,2.314690113067627,21.732460021972656,21.722509384155273,842
1504.0,864,2.569080114364624,2.5686299800872803,21.01490020751953,20.9843807220459,1130
4811.0,2646,2.0545198917388916,2.054490089416504,20.992799758911133,20.981809616088867,3161
2092.0,1269,2.1636600494384766,2.1641199588775635,20.222089767456055,20.23756980895996,1241
3137.0,1470,2.30610990524292,2.306420087814331,20.356449127197266,20.34402084350586,2475
3627.0,1625,2.1611499786376953,2.1617801189422607,20.64229965209961,20.627180099487305,2469
1833.0,783,2.3199400901794434,2.320590019226074,20.896320343017578,20.894620895385742,1524
3838.0,1756,1.9382699728012085,1.9377599954605103,21.825159072875977,21.822959899902344,3161
1916.0,1045,1.9430400133132935,1.9427000284194946,21.887800216674805,21.88542938232422,1130
4115.0,2540,2.2488598823547363,2.2489399909973145,21.60038948059082,21.611719131469727,3161
1473.0,873,2.087280035018921,2.087480068206787,20.78527069091797,20.78550910949707,1433
1831.0,1151,2.0418500900268555,2.041490077972412,20.787979125976562,20.776960372924805,697
1100.0,563,2.1222798824310303,2.122220039367676,20.286069869995117,20.272470474243164,700
1889.0,931,2.395940065383911,2.395780086517334,20.213260650634766,20.20359992980957,1127
1096.0,459,2.320810079574585,2.320729970932007,20.01688003540039,20.012950897216797,680
2414.0,1690,2.549560070037842,2.549959897994995,19.815330505371094,19.821609497070312,1245
3708.0,1723,2.2562599182128906,2.2560300827026367,19.375789642333984,19.391969680786133,1434
1832.0,845,2.323509931564331,2.324120044708252,19.425880432128906,19.42767906188965,1434
1612.0,782,2.700579881668091,2.6997900009155273,19.81052017211914,19.803939819335938,1522
2821.0,1493,2.4902501106262207,2.489219903945923,20.06987953186035,20.07006072998047,1956
2331.0,1189,2.7249600887298584,2.724100112915039,20.18440055847168,20.168659210205078,1149
1552.0,730,2.782989978790283,2.784169912338257,21.06376075744629,21.052560806274414,1149
2481.0,1112,2.232059955596924,2.2332100868225098,20.857269287109375,20.870309829711914,1439
1486.0,1023,2.1812400817871094,2.182029962539673,21.00766944885254,21.035200119018555,722
1524.0,911,2.713870048522949,2.713629961013794,20.601259231567383,20.616350173950195,1130
1895.0,1698,2.425539970397949,2.4257500171661377,20.15843963623047,20.160940170288086,1128
1594.0,998,2.568150043487549,2.567840099334717,19.437170028686523,19.428300857543945,1517
2813.0,1570,2.5308499336242676,2.530639886856079,18.857070922851562,18.86648941040039,1789
1894.0,902,2.3519399166107178,2.352060079574585,18.34503936767578,18.348739624023438,1656
4621.0,2458,2.537400007247925,2.5375499725341797,19.023710250854492,19.02667999267578,3161
3370.0,1676,2.505199909210205,2.5051798820495605,18.592670440673828,18.588579177856445,1263
3093.0,1365,2.4721601009368896,2.4719600677490234,20.21272087097168,20.211639404296875,1957
3086.0,1451,2.272599935531616,2.272510051727295,20.86482048034668,20.863239288330078,2471
3451.0,1681,2.203310012817383,2.2034900188446045,21.300899505615234,21.29241943359375,3161
2426.0,1017,2.032829999923706,2.032399892807007,21.3518009185791,21.34910011291504,1128
2438.0,1260,2.1821799278259277,2.1804800033569336,21.690940856933594,21.684980392456055,1152
1497.0,909,1.9883899688720703,1.9879800081253052,21.543909072875977,21.554109573364258,1439
2026.0,1169,2.2397499084472656,2.239880084991455,21.357229232788086,21.362319946289062,1676
740.0,333,1.9406100511550903,1.9431699514389038,21.928550720214844,21.9335994720459,316
1107.0,477,2.099479913711548,2.0981600284576416,21.51289939880371,21.508859634399414,698
1658.0,962,2.339550018310547,2.3403100967407227,21.45492935180664,21.46862030029297,1439
2263.0,1289,2.373189926147461,2.3734099864959717,20.917999267578125,20.9281005859375,1128
2668.0,1745,2.708359956741333,2.708739995956421,19.778289794921875,19.78554916381836,1129
1058.0,895,2.4307799339294434,2.430530071258545,19.563770294189453,19.568880081176758,723
2183.0,1843,2.9466099739074707,2.9462599754333496,18.329540252685547,18.32784080505371,1247
1520.0,636,2.8238298892974854,2.82423996925354,17.315370559692383,17.324960708618164,1439
2062.0,889,2.627700090408325,2.6274800300598145,18.550989151000977,18.559829711914062,1817
2330.0,1133,3.0617198944091797,3.062429904937744,18.993179321289062,19.001440048217773,1128
2686.0,1300,2.8569700717926025,2.8568201065063477,18.663249969482422,18.660499572753906,1128
2508.0,1107,2.8107099533081055,2.8108699321746826,19.186479568481445,19.196380615234375,1956
4070.0,1758,2.273519992828369,2.273900032043457,20.39019012451172,20.389339447021484,3161
4032.0,1853,2.246920108795166,2.2463200092315674,21.512039184570312,21.523479461669922,2031
2599.0,1524,2.285569906234741,2.284179925918579,21.618879318237305,21.631450653076172,1433
2616.0,1402,2.264009952545166,2.2643299102783203,21.530479431152344,21.531259536743164,1435
1599.0,909,2.0314700603485107,2.029439926147461,21.77281951904297,21.729549407958984,822
2516.0,1427,2.2272300720214844,2.228140115737915,21.320720672607422,21.30072021484375,1433
2476.0,1251,2.2483699321746826,2.2480900287628174,20.81011962890625,20.816539764404297,1439
1282.0,1007,2.129300117492676,2.1304800510406494,20.264299392700195,20.271570205688477,900
2991.0,1646,2.376009941101074,2.375619888305664,19.44607925415039,19.439529418945312,1433
2035.0,1603,2.5882599353790283,2.5884199142456055,18.54534912109375,18.54302978515625,1674
2616.0,1167,2.5002999305725098,2.500349998474121,18.542999267578125,18.555299758911133,2470
3020.0,1432,2.267009973526001,2.267090082168579,19.125120162963867,19.131919860839844,2474
2429.0,1175,2.422760009765625,2.4220199584960938,19.329479217529297,19.331119537353516,1414
2167.0,1092,2.34335994720459,2.3433399200439453,20.01660919189453,20.016080856323242,1959
5049.0,2921,2.265929937362671,2.265899896621704,20.486799240112305,20.49842071533203,3161
3553.0,1750,2.284950017929077,2.2844998836517334,19.833139419555664,19.831439971923828,2473
1886.0,1115,2.1554300785064697,2.155819892883301,20.41128921508789,20.431659698486328,1675
2502.0,1463,1.9059900045394897,1.9059200286865234,20.03853988647461,20.031579971313477,1246
1106.0,575,2.2789299488067627,2.2793400287628174,19.69631004333496,19.702239990234375,695
1660.0,796,2.5492899417877197,2.5485100746154785,19.07571029663086,19.080520629882812,1439
1102.0,605,2.063800096511841,2.0632901191711426,20.005029678344727,20.01110076904297,691
2047.0,1659,2.2305800914764404,2.230839967727661,18.95326042175293,18.95195960998535,2024
3046.0,1707,2.645659923553467,2.645979881286621,18.418420791625977,18.411779403686523,2477
2007.0,861,2.636770009994507,2.6367099285125732,19.700029373168945,19.69607925415039,1421
1617.0,705,2.534029960632324,2.534130096435547,19.64712905883789,19.647979736328125,1521
1763.0,753,2.4681999683380127,2.468209981918335,19.77066993713379,19.763090133666992,1530
1763.0,797,2.594949960708618,2.5949699878692627,20.22308921813965,20.206350326538086,1521
5446.0,2502,2.621999979019165,2.6225500106811523,21.051170349121094,21.05154037475586,3161
3153.0,1619,2.0986599922180176,2.098259925842285,21.854799270629883,21.870990753173828,1150
2562.0,1215,2.328579902648926,2.3294599056243896,22.04768943786621,22.07278060913086,1417
1464.0,787,2.2980799674987793,2.298330068588257,22.050180435180664,22.065750122070312,700
706.0,397,2.0358500480651855,2.036360025405884,21.998830795288086,22.028430938720703,312
1465.0,861,2.4932000637054443,2.4934000968933105,21.955909729003906,21.981319427490234,694
2116.0,1275,2.242690086364746,2.243030071258545,21.413259506225586,21.409149169921875,1512
2386.0,1640,2.256769895553589,2.2569000720977783,20.51972007751465,20.523880004882812,1789
2829.0,1756,2.299220085144043,2.299060106277466,19.516080856323242,19.521530151367188,1526
1689.0,1177,2.390399932861328,2.3906099796295166,18.733999252319336,18.737300872802734,900
1913.0,1039,2.323780059814453,2.323509931564331,18.816059112548828,18.808420181274414,1130
2465.0,1205,2.387269973754883,2.387269973754883,18.605270385742188,18.603599548339844,2019
2854.0,1639,2.298769950866699,2.298640012741089,18.455720901489258,18.449220657348633,1678
4881.0,2270,2.2761499881744385,2.2758901119232178,19.18651008605957,19.186180114746094,3161
1795.0,945,1.9714900255203247,1.9716600179672241,20.41431999206543,20.418270111083984,1413
4118.0,2012,2.1592700481414795,2.1591100692749023,20.779460906982422,20.77172088623047,2474
1981.0,895,2.093679904937744,2.0929698944091797,20.942319869995117,20.928890228271484,1955
2459.0,1126,2.092479944229126,2.092099905014038,21.094749450683594,21.083820343017578,1434
3395.0,1887,2.274630069732666,2.274440050125122,21.43536949157715,21.43701934814453,1414
2979.0,1309,2.2433300018310547,2.2434499263763428,21.680700302124023,21.684810638427734,2761
2342.0,1069,2.1742000579833984,2.1744799613952637,21.640609741210938,21.645639419555664,1953
1887.0,1022,1.8853100538253784,1.885159969329834,21.72857093811035,21.732479095458984,1672
2284.0,1155,2.111299991607666,2.1107699871063232,21.32509994506836,21.333229064941406,1127
2010.0,1084,2.485450029373169,2.486069917678833,21.20524024963379,21.204309463500977,1800
1511.0,693,2.2046000957489014,2.2048399448394775,21.364919662475586,21.360300064086914,1439
2306.0,1416,2.4700400829315186,2.470550060272217,20.80866050720215,20.81797981262207,1130
2570.0,1403,2.6047298908233643,2.604789972305298,20.6258602142334,20.631010055541992,1787
2459.0,1286,2.5193099975585938,2.51911997795105,20.631019592285156,20.622150421142578,1439
2166.0,928,2.251620054244995,2.251650094985962,20.691740036010742,20.688499450683594,2005
1617.0,1338,2.4358999729156494,2.436079978942871,20.064220428466797,20.049230575561523,1434
1457.0,715,2.6608500480651855,2.6608901023864746,19.796049118041992,19.803150177001953,689
1215.0,865,2.506040096282959,2.5067598819732666,19.66128921508789,19.661569595336914,820
1666.0,931,2.560120105743408,2.559809923171997,19.430469512939453,19.426809310913086,1434
5295.0,2768,2.495810031890869,2.495729923248291,19.432350158691406,19.431949615478516,3161
1459.0,883,2.6270298957824707,2.627239942550659,19.215320587158203,19.219709396362305,690
1107.0,529,2.191849946975708,2.190730094909668,19.002309799194336,18.996000289916992,704
2607.0,1336,2.6508800983428955,2.6512999534606934,19.17725944519043,19.191829681396484,1415
1548.0,770,2.7920100688934326,2.791680097579956,18.752099990844727,18.759899139404297,1150
2836.0,2157,2.6356000900268555,2.6352601051330566,18.75806999206543,18.76188087463379,2473
1979.0,1130,2.5849499702453613,2.584939956665039,18.592750549316406,18.586559295654297,1955
1976.0,894,2.319689989089966,2.3192999362945557,18.531509399414062,18.531930923461914,1676
1928.0,890,2.244990110397339,2.244849920272827,18.868539810180664,18.885820388793945,1154
1878.0,915,2.719710111618042,2.720170021057129,19.31155014038086,19.307819366455078,1801
2439.0,1137,2.9059500694274902,2.9057400226593018,19.917940139770508,19.90839958190918,1415
3199.0,1622,2.655240058898926,2.655980110168457,20.238439559936523,20.223899841308594,2021
1097.0,631,2.358839988708496,2.358799934387207,19.89797019958496,19.897159576416016,692
2546.0,1143,2.3599300384521484,2.3598899841308594,20.444169998168945,20.441030502319336,2022
1532.0,750,2.2046499252319336,2.2049601078033447,20.968570709228516,20.973209381103516,1128
1117.0,535,1.9081300497055054,1.9086999893188477,21.552000045776367,21.560579299926758,703
1459.0,729,2.153409957885742,2.152859926223755,21.388200759887695,21.390140533447266,694
1593.0,1135,2.4298698902130127,2.429810047149658,21.482929229736328,21.48246955871582,799
2016.0,1042,2.9088499546051025,2.908950090408325,21.072160720825195,21.072799682617188,1960
2411.0,1521,2.8755099773406982,2.8745899200439453,20.50558090209961,20.50663948059082,1231
2312.0,1596,2.529279947280884,2.5296199321746826,19.841140747070312,19.832189559936523,1433
1460.0,751,2.5249099731445312,2.524790048599243,19.490999221801758,19.487289428710938,703
1854.0,1213,2.9606900215148926,2.9607999324798584,19.03561019897461,19.033920288085938,898
1873.0,916,2.4123001098632812,2.4123001098632812,18.534969329833984,18.522369384765625,1127
3453.0,1877,2.51488995552063,2.5149900913238525,18.774309158325195,18.76457977294922,2471
3440.0,1823,2.496500015258789,2.495990037918091,19.237730026245117,19.231260299682617,3161
2017.0,1131,2.2426400184631348,2.2425899505615234,19.406940460205078,19.404090881347656,1434
2265.0,974,2.3676400184631348,2.3675498962402344,19.630489349365234,19.63711929321289,1666
1557.0,793,2.1653800010681152,2.165709972381592,20.570980072021484,20.59333038330078,1516
1978.0,1359,2.3944599628448486,2.394350051879883,20.20241928100586,20.2060604095459,1799
1476.0,931,2.513000011444092,2.510849952697754,19.661090850830078,19.651540756225586,708
1470.0,979,2.4804298877716064,2.4804599285125732,19.39065933227539,19.37281036376953,1425
3406.0,2022,2.1521999835968018,2.1521799564361572,19.131620407104492,19.129940032958984,1435
1305.0,785,2.3212599754333496,2.32138991355896,18.856660842895508,18.859670639038086,899
1123.0,495,2.2402501106262207,2.2412900924682617,19.008039474487305,19.020549774169922,707
2722.0,1713,2.3947598934173584,2.3944199085235596,18.91901969909668,18.91468048095703,1137
5602.0,3066,2.503649950027466,2.5037100315093994,18.484220504760742,18.483959197998047,3161
1633.0,777,2.6400399208068848,2.6396899223327637,18.515989303588867,18.522279739379883,1419
3920.0,1778,2.2497398853302,2.2499001026153564,19.466419219970703,19.464670181274414,2744
2812.0,1532,2.1419100761413574,2.14205002784729,20.192380905151367,20.189369201660156,1788
2248.0,1397,2.098020076751709,2.097909927368164,20.209400177001953,20.18975067138672,1137
1104.0,599,2.2190499305725098,2.21914005279541,19.296199798583984,19.30866050720215,709
1994.0,1423,1.9443800449371338,1.9443800449371338,19.774349212646484,19.783559799194336,1787
1934.0,947,2.660290002822876,2.6604299545288086,20.015869140625,20.030990600585938,1130
1854.0,1331,2.2457199096679688,2.2460598945617676,19.51275062561035,19.524019241333008,1129
1518.0,940,2.218780040740967,2.218709945678711,18.978330612182617,18.976160049438477,1128
1684.0,1071,2.7530601024627686,2.7529399394989014,18.592269897460938,18.58647918701172,899
1943.0,1005,2.3482298851013184,2.3481600284576416,18.0922908782959,18.11161994934082,1784
2339.0,1270,2.414489984512329,2.414669990539551,18.37158966064453,18.38117027282715,1155
1526.0,849,2.757009983062744,2.7560999393463135,18.726999282836914,18.727359771728516,1127
1086.0,537,2.4777300357818604,2.478529930114746,18.778179168701172,18.771270751953125,682
1908.0,1561,2.8846099376678467,2.8845601081848145,18.108789443969727,18.098249435424805,1141
3544.0,2354,2.7411398887634277,2.740880012512207,17.688390731811523,17.674930572509766,2471
2578.0,1399,2.4998600482940674,2.4999399185180664,18.41053009033203,18.40859031677246,2026
2794.0,1253,2.3000900745391846,2.30007004737854,18.81817054748535,18.810190200805664,1790
2910.0,1471,2.6452200412750244,2.6451399326324463,19.22960090637207,19.22364044189453,1257
2709.0,1450,2.3427700996398926,2.342819929122925,19.471050262451172,19.459810256958008,2473
4680.0,2679,2.102329969406128,2.102829933166504,19.628950119018555,19.637529373168945,3161
2682.0,1380,2.050290107727051,2.05036997795105,20.076990127563477,20.082780838012695,1128
1510.0,1046,1.9073899984359741,1.907039999961853,20.071369171142578,20.062349319458008,1129
3510.0,2412,2.1279900074005127,2.1281399726867676,19.011829376220703,19.006759643554688,3161
1923.0,937,2.2022199630737305,2.202349901199341,18.7426700592041,18.73310089111328,1130
1594.0,657,2.468820095062256,2.468780040740967,18.90247917175293,18.898319244384766,1517
1935.0,960,2.4227499961853027,2.4222099781036377,18.534149169921875,18.526979446411133,1129
2010.0,1148,2.3150200843811035,2.314919948577881,18.913949966430664,18.907459259033203,1128
1074.0,599,2.497260093688965,2.4978299140930176,18.525470733642578,18.513940811157227,679
2618.0,1201,2.679769992828369,2.680000066757202,19.121780395507812,19.129350662231445,2020
3107.0,1936,2.4123001098632812,2.412100076675415,18.931459426879883,18.938520431518555,1129
1854.0,832,2.322050094604492,2.3224101066589355,19.61202049255371,19.626510620117188,1793
2013.0,1184,2.6171700954437256,2.6174800395965576,19.9689998626709,19.9755802154541,1787
1227.0,667,2.476799964904785,2.4766900539398193,20.388809204101562,20.400720596313477,825
1094.0,473,3.239000082015991,3.2400600910186768,19.26725959777832,19.277339935302734,679
2374.0,1293,2.703249931335449,2.7040700912475586,19.63105010986328,19.642850875854492,1790
2020.0,1394,2.62253999710083,2.6220901012420654,19.33795928955078,19.314010620117188,1129
735.0,331,2.434959888458252,2.4350099563598633,19.050090789794922,19.031660079956055,315
1490.0,913,2.9810099601745605,2.9803600311279297,18.920530319213867,18.909799575805664,1440
1515.0,1046,2.7239599227905273,2.724090099334717,18.883529663085938,18.873430252075195,1128
2210.0,1255,2.7838399410247803,2.782910108566284,18.650249481201172,18.691129684448242,1434
3537.0,2022,2.848720073699951,2.849289894104004,18.824010848999023,18.849590301513672,2473
1480.0,927,2.856640100479126,2.855950117111206,18.545520782470703,18.551250457763672,1434
5431.0,2992,2.5974700450897217,2.5975100994110107,18.506399154663086,18.50196075439453,3161
2799.0,1415,2.1499500274658203,2.149630069732666,18.94835090637207,18.934789657592773,1525
1894.0,948,2.2937400341033936,2.2929298877716064,19.17664909362793,19.166410446166992,1128
2040.0,1112,2.2611799240112305,2.2610199451446533,19.408170700073242,19.40778923034668,2022
2458.0,1543,2.257780075073242,2.257780075073242,19.086469650268555,19.086299896240234,1439
2231.0,1440,2.3339099884033203,2.334089994430542,19.089120864868164,19.088600158691406,2021
1893.0,1062,2.636080026626587,2.6360199451446533,19.279760360717773,19.273759841918945,1140
1866.0,1380,2.4524900913238525,2.453249931335449,18.88994026184082,18.890119552612305,1129
3643.0,1725,2.4313900470733643,2.4316799640655518,18.961009979248047,18.967010498046875,1945
1898.0,969,2.23649001121521,2.235879898071289,19.006460189819336,19.01262092590332,722
1504.0,1001,2.7461400032043457,2.7463200092315674,18.48288917541504,18.508209228515625,1137
2150.0,1281,2.6008799076080322,2.6012399196624756,18.34292984008789,18.365400314331055,1784
729.0,351,2.1487700939178467,2.1496500968933105,18.14607048034668,18.163780212402344,315
1752.0,973,2.8878700733184814,2.887779951095581,18.472700119018555,18.49212074279785,1521
1512.0,735,2.2634201049804688,2.263859987258911,18.66312026977539,18.67255973815918,722
1909.0,1385,2.4158499240875244,2.415760040283203,19.10717010498047,19.103620529174805,1127
1590.0,982,2.167720079421997,2.1677799224853516,18.807920455932617,18.802270889282227,1530
2423.0,1632,2.4138100147247314,2.4138600826263428,18.94261932373047,18.96323013305664,1248
2076.0,1169,2.240839958190918,2.2415099143981934,18.497529983520508,18.492490768432617,1941
1723.0,835,2.5619399547576904,2.5619499683380127,18.173370361328125,18.160459518432617,1658
3208.0,1433,2.3898000717163086,2.3896100521087646,19.517900466918945,19.51824951171875,2474
3333.0,1400,2.162869930267334,2.1626501083374023,19.9708194732666,19.97287940979004,3161
2920.0,1388,2.4282801151275635,2.428339958190918,20.211029052734375,20.221269607543945,1798
2703.0,1310,2.031519889831543,2.031790018081665,20.539920806884766,20.534650802612305,1674
2725.0,1631,2.300600051879883,2.3008599281311035,21.27890968322754,21.277809143066406,2024
3339.0,1518,2.1574299335479736,2.1573500633239746,21.757190704345703,21.754039764404297,3161
4056.0,2046,2.235690116882324,2.235680103302002,21.66830062866211,21.66628074645996,2470
3256.0,1666,2.3489298820495605,2.3486499786376953,22.121660232543945,22.10466957092285,1245
3237.0,1526,2.02413010597229,2.0242700576782227,21.413330078125,21.41180992126465,1242
1452.0,599,2.0884299278259277,2.0885400772094727,21.52362060546875,21.516019821166992,680
3869.0,1687,2.2831199169158936,2.28275990486145,21.822059631347656,21.8187198638916,3161
2089.0,1016,1.637910008430481,1.6378999948501587,22.2178897857666,22.2120304107666,2020
3570.0,1795,2.0724499225616455,2.072160005569458,21.89739990234375,21.885229110717773,3161
3097.0,1333,2.104609966278076,2.104720115661621,22.114219665527344,22.118879318237305,1792
1911.0,1106,2.112730026245117,2.113140106201172,21.925159454345703,21.9401798248291,1128
1433.0,1152,2.0555999279022217,2.055919885635376,21.74243927001953,21.75847053527832,1415
2279.0,1016,2.281519889831543,2.281450033187866,21.74340057373047,21.750070571899414,1671
1457.0,709,2.519089937210083,2.519550085067749,21.184730529785156,21.192840576171875,689
1839.0,819,2.1151199340820312,2.1145598888397217,20.966140747070312,20.978830337524414,1674
2479.0,1426,2.320349931716919,2.320280075073242,20.61050033569336,20.618919372558594,1433
1585.0,1195,2.191070079803467,2.191190004348755,20.076929092407227,20.072980880737305,1512
1140.0,497,2.2600300312042236,2.259999990463257,19.9287109375,19.923690795898438,722
734.0,325,2.6795899868011475,2.679769992828369,20.05776023864746,20.066219329833984,315
1745.0,925,2.3998498916625977,2.3994300365448,20.005800247192383,20.01106071472168,1526
2319.0,1105,2.8893299102783203,2.8892300128936768,19.60725975036621,19.61486053466797,2020
1091.0,519,3.133389949798584,3.13388991355896,20.376110076904297,20.3794002532959,677
720.0,363,2.5346601009368896,2.535599946975708,19.836660385131836,19.83868980407715,312
1117.0,513,2.908479928970337,2.9085500240325928,20.226930618286133,20.236360549926758,703
2296.0,1908,2.624969959259033,2.6247200965881348,20.150800704956055,20.145309448242188,1130
1670.0,897,2.84306001663208,2.8433101177215576,19.597049713134766,19.60508918762207,1439
740.0,333,2.9290099143981934,2.9291601181030273,18.97226905822754,18.974529266357422,315
1092.0,463,2.8861799240112305,2.8874599933624268,18.985109329223633,19.01283073425293,673
2711.0,1323,2.930000066757202,2.9297399520874023,19.546510696411133,19.553869247436523,1961
2341.0,1480,2.813659906387329,2.8138999938964844,19.93613052368164,19.943740844726562,1154
1582.0,652,2.6691999435424805,2.669869899749756,19.90913963317871,19.90945053100586,1512
1617.0,829,2.8673300743103027,2.867609977722168,19.974079132080078,19.975500106811523,1528
1090.0,491,2.507699966430664,2.5078399181365967,19.366090774536133,19.37013053894043,676
1470.0,919,3.0861599445343018,3.0858399868011475,19.494140625,19.499059677124023,1427
1512.0,1002,2.980760097503662,2.980329990386963,18.971860885620117,18.95186996459961,1127
1478.0,729,2.8869199752807617,2.8884499073028564,19.65134048461914,19.629940032958984,708
2303.0,1217,3.0597898960113525,3.059950113296509,19.89080047607422,19.881040573120117,1127
1518.0,969,2.8184399604797363,2.8176701068878174,20.232799530029297,20.227069854736328,1128
2722.0,1526,2.6700000762939453,2.6696200370788574,19.51127052307129,19.510679244995117,1129
1885.0,1176,2.74357008934021,2.74330997467041,19.19124984741211,19.189109802246094,1125
1769.0,905,2.840640068054199,2.8411099910736084,19.68766975402832,19.687089920043945,1528
2194.0,1023,2.659219980239868,2.659519910812378,19.216089248657227,19.20730972290039,1959
739.0,345,2.8284499645233154,2.8290200233459473,19.166139602661133,19.164100646972656,315
2084.0,1486,2.9428999423980713,2.9428999423980713,19.31406021118164,19.316299438476562,1128
3016.0,1899,2.720400094985962,2.7206099033355713,19.272090911865234,19.27773094177246,2473
3733.0,2069,2.55145001411438,2.551300048828125,19.40053939819336,19.406230926513672,1959
2066.0,1071,2.3163199424743652,2.316080093383789,19.533920288085938,19.536090850830078,1941
2477.0,1163,2.577049970626831,2.576859951019287,19.40765953063965,19.408920288085938,1435
2444.0,1169,2.5486299991607666,2.5483999252319336,19.760400772094727,19.752819061279297,1246
3433.0,1632,2.2000598907470703,2.1999900341033936,20.205659866333008,20.20989990234375,3161
3115.0,1407,2.073729991912842,2.073430061340332,20.392820358276367,20.3939208984375,2470
2180.0,1209,1.8078800439834595,1.8068100214004517,20.92251968383789,20.89466094970703,1414
1482.0,1192,2.285370111465454,2.2850899696350098,20.902629852294922,20.891420364379883,1439
725.0,339,1.9652299880981445,1.965499997138977,20.91383934020996,20.912399291992188,315
1506.0,749,2.7070300579071045,2.7066500186920166,20.269100189208984,20.260330200195312,1439
2740.0,1421,2.262769937515259,2.263089895248413,20.69597053527832,20.687559127807617,1780
1847.0,1292,2.6314799785614014,2.631079912185669,20.17285919189453,20.157089233398438,1128
4243.0,2659,2.5646300315856934,2.56469988822937,19.402429580688477,19.404720306396484,3161
1300.0,837,2.832089900970459,2.831360101699829,18.162670135498047,18.16037940979004,899
1515.0,894,2.4535698890686035,2.453579902648926,17.995380401611328,17.991939544677734,1129
2109.0,1030,2.8057799339294434,2.8056399822235107,17.87571907043457,17.874820709228516,1803
1833.0,923,2.9082000255584717,2.908629894256592,18.651899337768555,18.648609161376953,1669
1875.0,1010,2.5543699264526367,2.5544400215148926,18.459169387817383,18.462909698486328,1796
2271.0,1492,2.767659902572632,2.768079996109009,17.62051010131836,17.625850677490234,1129
2282.0,1074,2.5022199153900146,2.5023701190948486,18.993640899658203,18.99254035949707,1152
1593.0,816,2.4676599502563477,2.467289924621582,18.95185089111328,18.94757080078125,1529
1095.0,559,2.6999499797821045,2.7002201080322266,18.37088966369629,18.372140884399414,696
1553.0,836,2.7624900341033936,2.7628300189971924,18.778610229492188,18.79034996032715,1151
2271.0,1101,2.408900022506714,2.4083099365234375,19.788240432739258,19.794639587402344,1128
4921.0,2388,2.6289799213409424,2.6290199756622314,20.834659576416016,20.835689544677734,3161
1094.0,489,2.404129981994629,2.4039700031280518,20.450109481811523,20.449880599975586,677
2798.0,1353,2.2630300521850586,2.2627201080322266,20.994140625,21.005859375,1544
1521.0,813,2.084969997406006,2.0849199295043945,21.7390193939209,21.743080139160156,1131
2806.0,1562,2.2879300117492676,2.287480115890503,20.96417999267578,20.971450805664062,1782
1916.0,875,2.58663010597229,2.5850799083709717,20.820499420166016,20.83315086364746,1674
1646.0,898,2.1798501014709473,2.1806700229644775,21.175100326538086,21.193359375,1437
2014.0,1470,2.570539951324463,2.570349931716919,20.778039932250977,20.795059204101562,1124
2777.0,1311,2.740609884262085,2.7406299114227295,19.71795082092285,19.708770751953125,2470
2327.0,1207,2.588279962539673,2.5882999897003174,20.15802001953125,20.154640197753906,2021
2006.0,1019,2.4473700523376465,2.4472100734710693,20.156660079956055,20.14611053466797,1960
2590.0,1214,2.3802599906921387,2.3800699710845947,20.236989974975586,20.2314395904541,2007
1530.0,688,2.6050899028778076,2.6051199436187744,19.826030731201172,19.830909729003906,1128
3161.0,1483,2.8161098957061768,2.8160300254821777,20.53141975402832,20.5251407623291,2020
1760.0,1005,2.813230037689209,2.812730073928833,20.42120933532715,20.407230377197266,1528
4811.0,2738,2.695159912109375,2.6950700283050537,20.334199905395508,20.3316593170166,3161
2199.0,1053,2.4670000076293945,2.4666800498962402,20.501340866088867,20.495500564575195,1433
1905.0,1248,2.5180299282073975,2.5174601078033447,20.097389221191406,20.085660934448242,1129
2069.0,939,2.766089916229248,2.7666399478912354,20.481170654296875,20.476329803466797,1787
3765.0,2051,2.416450023651123,2.4158499240875244,19.929140090942383,19.915279388427734,2764
1897.0,1096,2.314500093460083,2.3140299320220947,19.791519165039062,19.786470413208008,1130
1986.0,929,2.388730049133301,2.3888399600982666,19.905929565429688,19.89048957824707,1237
2018.0,1347,2.0635600090026855,2.0629899501800537,19.890239715576172,19.888179779052734,1126
1096.0,567,2.304960012435913,2.3043301105499268,19.704769134521484,19.70100975036621,722
2608.0,1333,2.3155100345611572,2.3152201175689697,19.753639221191406,19.745929718017578,1417
2983.0,1780,2.5687899589538574,2.569119930267334,19.394899368286133,19.38425064086914,1414
2448.0,1058,2.5347700119018555,2.5344901084899902,19.33254051208496,19.32033920288086,1435
1882.0,1097,2.4756600856781006,2.4762001037597656,19.841859817504883,19.861730575561523,1129
4319.0,2058,2.5519299507141113,2.5520200729370117,20.359920501708984,20.37858009338379,3161
1477.0,761,2.491950035095215,2.492340087890625,20.24551010131836,20.253509521484375,722
1519.0,766,2.295180082321167,2.2954599857330322,19.959129333496094,19.963930130004883,1126
4844.0,2144,2.1463100910186768,2.1464500427246094,20.816150665283203,20.824119567871094,2763
1584.0,797,2.0779500007629395,2.0783700942993164,21.611419677734375,21.61193084716797,1512
2953.0,1821,2.086060047149658,2.0858500003814697,21.208219528198242,21.200830459594727,1247
4556.0,2737,2.3254098892211914,2.325239896774292,20.78982925415039,20.782270431518555,3161
3738.0,1745,2.148279905319214,2.14874005317688,20.216960906982422,20.217010498046875,2468
1886.0,1022,2.0400400161743164,2.0399200916290283,20.25419044494629,20.24806022644043,1129
5379.0,2382,2.1504499912261963,2.1505401134490967,20.38055992126465,20.378189086914062,3161
4079.0,2170,2.0127499103546143,2.01282000541687,20.974109649658203,20.9654598236084,3161
2277.0,931,1.872290015220642,1.872249960899353,21.1541690826416,21.150239944458008,1672
1748.0,768,2.1519699096679688,2.1516799926757812,21.251819610595703,21.243410110473633,1520
4014.0,2074,1.979949951171875,1.979830026626587,21.957660675048828,21.95819091796875,3161
2202.0,1165,1.9147599935531616,1.9146000146865845,21.447839736938477,21.440519332885742,2023
3311.0,1572,2.093830108642578,2.0933899879455566,21.804140090942383,21.78632926940918,1430
1877.0,828,2.0942699909210205,2.093859910964966,21.55501937866211,21.55038070678711,1792
2130.0,921,2.31712007522583,2.316879987716675,21.633359909057617,21.637659072875977,1526
1599.0,841,2.734639883041382,2.7342801094055176,21.62653923034668,21.63134002685547,790
2296.0,1220,2.2529399394989014,2.252919912338257,21.860000610351562,21.851539611816406,1126
3045.0,1428,2.451659917831421,2.4516899585723877,21.692920684814453,21.688919067382812,2019
2424.0,1124,2.350709915161133,2.3508799076080322,21.809049606323242,21.81178092956543,1236
1524.0,787,2.4032199382781982,2.403369903564453,21.7898006439209,21.806970596313477,1152
1499.0,677,2.241770029067993,2.2415599822998047,21.87221908569336,21.873550415039062,1442
2007.0,931,2.6486399173736572,2.6485300064086914,22.216840744018555,22.215200424194336,1243
1523.0,984,2.0089499950408936,2.0088000297546387,22.068220138549805,22.066829681396484,1130
2575.0,1407,2.6792900562286377,2.679689884185791,21.233509063720703,21.24241065979004,1524
1886.0,893,2.808379888534546,2.8086299896240234,20.7390193939209,20.7376708984375,1130
2143.0,979,2.375109910964966,2.37608003616333,21.925640106201172,21.935199737548828,2010
2655.0,1315,2.455940008163452,2.455549955368042,21.7785701751709,21.78367042541504,2024
2105.0,1005,2.3679299354553223,2.3684499263763428,21.541379928588867,21.53713035583496,2024
1760.0,771,2.532249927520752,2.532589912414551,21.77482032775879,21.772159576416016,1676
2455.0,1260,2.6757800579071045,2.675379991531372,21.35647964477539,21.357280731201172,1247
3131.0,1435,2.4319300651550293,2.432310104370117,21.066360473632812,21.069969177246094,1130
2908.0,1343,2.3827600479125977,2.3830599784851074,22.060239791870117,22.063980102539062,1433
1617.0,1041,2.4521400928497314,2.4520699977874756,22.161239624023438,22.15472984313965,1242
1885.0,1149,2.4523699283599854,2.453010082244873,21.337329864501953,21.332599639892578,1523
1933.0,975,2.282910108566284,2.2833399772644043,21.121139526367188,21.117340087890625,1127
2731.0,1338,2.6201300621032715,2.620840072631836,21.453880310058594,21.458179473876953,1544
2676.0,1633,2.3858799934387207,2.3858799934387207,20.62717056274414,20.637859344482422,2470
2320.0,1328,2.3245599269866943,2.324120044708252,20.09273910522461,20.089670181274414,1128
2144.0,1130,2.3030600547790527,2.3032000064849854,19.979049682617188,19.988540649414062,1965
2357.0,1217,2.6151199340820312,2.615070104598999,19.710689544677734,19.70932960510254,1958
1114.0,569,2.436609983444214,2.4365599155426025,19.545169830322266,19.54652976989746,705
2824.0,1462,2.5718801021575928,2.57207989692688,19.638330459594727,19.6312198638916,1242
741.0,319,2.2771100997924805,2.277209997177124,20.298860549926758,20.300140380859375,315
2273.0,1359,2.4621500968933105,2.4624600410461426,20.151439666748047,20.173599243164062,1129
