Rewards,Lengths,Loss1,Loss2,Q1,Q2,Best_Distances
1788.0,3132,2.58961,nan,1.25259,nan,1129
2321.0,2775,2.7375099658966064,nan,3.270750045776367,nan,1222
1253.0,1263,2.921250104904175,nan,4.556660175323486,nan,899
1871.0,2329,2.7405600547790527,nan,5.6144700050354,nan,724
710.0,395,2.6606099605560303,nan,6.2677998542785645,nan,313
1456.0,1905,2.836519956588745,nan,6.993840217590332,nan,1123
2349.0,3133,2.9286699295043945,nan,8.160149574279785,nan,1123
1524.0,1527,3.025820016860962,nan,8.76941967010498,nan,1501
3944.0,2835,3.1412999629974365,nan,9.165599822998047,nan,3161
2916.0,1699,3.045919895172119,nan,9.635530471801758,nan,2023
2707.0,1389,3.193010091781616,nan,10.631489753723145,nan,1950
3816.0,2436,3.167710065841675,nan,11.8441801071167,nan,3161
3231.0,1460,3.2878201007843018,nan,13.108380317687988,nan,1679
2299.0,1755,3.3613100051879883,nan,13.959219932556152,nan,1128
1918.0,1303,3.4847700595855713,nan,15.451959609985352,nan,1130
2693.0,1704,3.722899913787842,nan,16.06192970275879,nan,1425
2458.0,1646,3.3497400283813477,nan,16.72102928161621,nan,1126
1831.0,1092,3.693660020828247,nan,17.263599395751953,nan,1800
1507.0,972,3.5332601070404053,nan,18.00074005126953,nan,1129
1090.0,777,4.0346999168396,nan,18.108280181884766,nan,691
1437.0,841,3.5407700538635254,nan,17.677440643310547,nan,682
1905.0,1460,3.7270801067352295,nan,17.696149826049805,nan,1126
1618.0,1375,3.9077301025390625,nan,17.37221908569336,nan,1433
2659.0,1928,3.6068499088287354,nan,17.117929458618164,nan,1675
1522.0,1025,3.619450092315674,nan,17.243099212646484,nan,1129
2963.0,1877,3.641849994659424,nan,17.33241081237793,nan,1960
2621.0,1466,3.4751999378204346,nan,17.255329132080078,nan,1434
2350.0,1787,3.6369800567626953,nan,16.80027961730957,nan,1413
3050.0,2883,3.148469924926758,nan,16.86397933959961,nan,1129
2538.0,1726,3.342590093612671,nan,16.750839233398438,nan,1527
1668.0,1607,3.2883799076080322,nan,17.11285972595215,nan,900
1966.0,1898,3.2318201065063477,nan,16.913330078125,nan,1128
2803.0,1702,3.275010108947754,nan,16.114160537719727,nan,1130
2278.0,1087,3.156090021133423,nan,15.918499946594238,nan,1132
1813.0,887,3.6377599239349365,nan,15.998390197753906,nan,1416
2326.0,1164,3.4258499145507812,nan,16.409650802612305,nan,1432
1643.0,916,3.6086599826812744,nan,16.72934913635254,nan,1435
2446.0,1299,3.401479959487915,nan,16.87424087524414,nan,2008
2794.0,1397,3.6082000732421875,nan,17.02518081665039,nan,2765
2043.0,983,3.598870038986206,nan,17.32192039489746,nan,1969
2004.0,1473,3.1205201148986816,nan,18.211530685424805,nan,1243
1492.0,950,3.340019941329956,nan,18.238420486450195,nan,1434
2077.0,1709,3.4627599716186523,nan,18.673120498657227,nan,1243
2840.0,1875,3.4010798931121826,nan,18.065759658813477,nan,1134
2774.0,1456,3.4332098960876465,nan,17.944669723510742,nan,1779
2460.0,2353,3.403019905090332,nan,17.983190536499023,nan,2471
5520.0,4780,3.090059995651245,nan,16.88735008239746,nan,3161
2282.0,1601,2.8234899044036865,nan,16.068260192871094,nan,1148
2020.0,1378,2.7855401039123535,nan,15.973830223083496,nan,2010
1091.0,617,2.872349977493286,nan,15.812190055847168,nan,691
1999.0,1607,3.0066299438476562,nan,15.876700401306152,nan,1799
2718.0,1790,3.086019992828369,nan,16.122730255126953,nan,2469
2697.0,1468,2.928189992904663,nan,16.29096031188965,nan,1415
1589.0,720,3.288569927215576,nan,16.834060668945312,nan,1543
4357.0,2131,3.230799913406372,nan,16.654220581054688,nan,3161
2585.0,1169,3.436350107192993,nan,17.879209518432617,nan,1824
1455.0,811,3.0359699726104736,nan,18.705320358276367,nan,1416
2520.0,1765,3.2293100357055664,nan,18.85095977783203,nan,2476
1688.0,1019,3.430449962615967,nan,19.0846004486084,nan,899
3207.0,1891,3.3783299922943115,nan,19.47216033935547,nan,1522
2997.0,1443,2.9614601135253906,nan,21.569110870361328,nan,2788
2272.0,1157,3.4398601055145264,nan,21.1529598236084,nan,1962
1895.0,957,4.142899990081787,nan,22.04104995727539,nan,1130
2314.0,1131,3.3343899250030518,nan,22.322280883789062,nan,1154
2456.0,1083,2.8477399349212646,nan,21.138439178466797,nan,1678
2241.0,1037,3.6230499744415283,nan,22.419160842895508,nan,1805
2413.0,1410,3.543720006942749,nan,23.105329513549805,nan,1129
1780.0,1688,3.672760009765625,nan,24.300439834594727,nan,1434
733.0,391,3.995840072631836,nan,23.498119354248047,nan,315
1529.0,784,4.12352991104126,nan,24.487810134887695,nan,1123
2774.0,1974,4.049260139465332,nan,23.43667984008789,nan,1796
1123.0,571,3.72652006149292,nan,23.64933967590332,nan,723
2330.0,1445,3.721090078353882,nan,21.513439178466797,nan,1955
3287.0,1765,3.687269926071167,nan,22.07118034362793,nan,3161
3880.0,2130,3.3279099464416504,nan,20.16179084777832,nan,2474
2782.0,1479,3.3348801136016846,nan,19.925249099731445,nan,1791
3087.0,1495,2.985640048980713,nan,18.72369956970215,nan,2471
2403.0,1289,3.3633499145507812,nan,18.323179244995117,nan,1218
2957.0,1511,2.971220016479492,nan,17.22442054748535,nan,1410
2126.0,1370,3.472259998321533,nan,19.292800903320312,nan,1524
2355.0,1427,2.874109983444214,nan,18.35533905029297,nan,1127
1909.0,908,2.8317699432373047,nan,19.757389068603516,nan,1141
2440.0,1138,3.866029977798462,nan,20.626020431518555,nan,1415
2201.0,1325,3.731909990310669,nan,20.754240036010742,nan,1990
1531.0,748,2.818700075149536,nan,18.370380401611328,nan,1127
2322.0,1256,2.891429901123047,nan,18.85209083557129,nan,1131
2964.0,2038,3.078700065612793,nan,18.73794937133789,nan,1963
2186.0,1168,3.564729928970337,nan,18.18185043334961,nan,1413
2695.0,1707,3.440999984741211,nan,18.75843048095703,nan,1526
2373.0,1104,3.2000300884246826,nan,18.758039474487305,nan,1153
2712.0,1391,3.4620800018310547,nan,17.986040115356445,nan,2469
1920.0,933,3.1620399951934814,nan,18.277210235595703,nan,1130
1678.0,874,2.7878799438476562,nan,17.508270263671875,nan,1439
1207.0,699,3.1240100860595703,nan,17.05953025817871,nan,804
2194.0,1369,3.269789934158325,nan,18.016780853271484,nan,1409
2074.0,1325,3.3408100605010986,nan,17.51272964477539,nan,1128
733.0,345,3.1174299716949463,nan,18.702350616455078,nan,315
1747.0,1172,3.15228009223938,nan,16.710500717163086,nan,1675
736.0,337,2.9719998836517334,nan,17.290769577026367,nan,315
1717.0,1616,3.501349925994873,nan,17.654850006103516,nan,1518
1919.0,1001,3.7531800270080566,nan,18.6771297454834,nan,1135
1882.0,1318,3.427309989929199,nan,17.012460708618164,nan,1126
2048.0,1119,3.569920063018799,nan,17.213659286499023,nan,1678
1470.0,754,3.2348599433898926,nan,17.300840377807617,nan,1434
2327.0,1104,3.6398699283599854,nan,17.29228973388672,nan,1126
1754.0,815,3.1362099647521973,nan,17.900869369506836,nan,1675
1687.0,858,3.621929883956909,nan,18.487689971923828,nan,1524
1913.0,939,4.059319972991943,nan,19.155479431152344,nan,1128
1490.0,764,3.5813798904418945,nan,17.280139923095703,nan,1151
3185.0,1890,3.901020050048828,nan,17.807050704956055,nan,1622
707.0,417,3.668800115585327,nan,19.28335952758789,nan,312
2441.0,1539,3.3955399990081787,nan,18.36104965209961,nan,2021
2534.0,1461,3.3806400299072266,nan,17.70294952392578,nan,1409
2009.0,1120,3.362060070037842,nan,19.42060089111328,nan,1949
1531.0,1177,3.8400399684906006,nan,19.491680145263672,nan,1154
1675.0,1257,3.277470111846924,nan,18.59758949279785,nan,898
1751.0,895,3.2065699100494385,nan,18.858970642089844,nan,1672
1463.0,1027,3.6056699752807617,nan,18.560720443725586,nan,1436
3099.0,1771,3.674459934234619,nan,18.69738006591797,nan,1977
1752.0,1162,3.81318998336792,nan,19.908140182495117,nan,1527
1513.0,732,3.221640110015869,nan,18.79861068725586,nan,1124
1996.0,1799,3.422950029373169,nan,18.92003059387207,nan,1128
3859.0,2062,3.487809896469116,nan,17.57564926147461,nan,3161
2400.0,1253,3.419019937515259,nan,17.11469078063965,nan,1130
1991.0,1152,3.1583399772644043,nan,17.386930465698242,nan,1786
2060.0,950,3.087559938430786,nan,17.816190719604492,nan,2019
3636.0,2025,3.25570011138916,nan,18.098880767822266,nan,2469
1250.0,787,3.3565099239349365,nan,19.443439483642578,nan,864
2733.0,1434,3.066509962081909,nan,18.92534065246582,nan,1433
2457.0,1417,3.0881500244140625,nan,18.90254020690918,nan,1130
2812.0,1317,3.2216498851776123,nan,18.422679901123047,nan,1659
2373.0,1189,3.194920063018799,nan,18.74871063232422,nan,1672
1527.0,846,3.362879991531372,nan,19.977840423583984,nan,1128
1513.0,794,3.422679901123047,nan,21.192380905151367,nan,1128
1767.0,762,2.526319980621338,nan,22.052230834960938,nan,1522
1744.0,837,3.3547799587249756,nan,22.29475975036621,nan,1507
2203.0,1327,3.6958999633789062,nan,23.07990074157715,nan,1415
1661.0,898,3.4800100326538086,nan,21.883739471435547,nan,1441
1627.0,995,3.7663700580596924,nan,23.79405975341797,nan,1435
1125.0,597,3.607800006866455,nan,20.93120002746582,nan,722
1835.0,1219,3.3853800296783447,nan,21.2225399017334,nan,1787
1552.0,1447,3.683379888534546,nan,23.289960861206055,nan,815
2806.0,1512,3.722090005874634,nan,20.110570907592773,nan,1783
1689.0,971,3.5378100872039795,nan,19.824060440063477,nan,900
3395.0,1805,3.5008699893951416,nan,19.194210052490234,nan,1408
2617.0,1460,3.334779977798462,nan,18.89112091064453,nan,1434
3018.0,1380,3.01813006401062,nan,18.25857925415039,nan,2021
2998.0,2273,2.922110080718994,nan,18.34177017211914,nan,1749
1845.0,927,2.941149950027466,nan,17.84684944152832,nan,1788
1634.0,801,2.946239948272705,nan,18.306640625,nan,1235
1088.0,593,3.2339699268341064,nan,19.161640167236328,nan,703
1977.0,1164,3.0254600048065186,nan,19.47994041442871,nan,1960
1084.0,653,3.1758201122283936,nan,19.97385025024414,nan,704
2800.0,2274,3.316509962081909,nan,19.472660064697266,nan,1129
2598.0,1641,3.454119920730591,nan,19.943500518798828,nan,1421
2200.0,1255,2.931649923324585,nan,19.760400772094727,nan,1237
1100.0,593,3.281830072402954,nan,20.365699768066406,nan,690
2125.0,1477,2.9578700065612793,nan,19.917760848999023,nan,1532
737.0,337,3.0376200675964355,nan,19.65764045715332,nan,315
2319.0,1021,3.3941900730133057,nan,20.134140014648438,nan,1673
1111.0,603,3.1909499168395996,nan,20.848539352416992,nan,698
1125.0,519,3.778359889984131,nan,19.43256950378418,nan,722
3908.0,1977,3.224479913711548,nan,20.652639389038086,nan,3161
2953.0,1632,3.5090699195861816,nan,21.0308895111084,nan,1415
2446.0,1536,3.229059934616089,nan,21.3868408203125,nan,1130
1851.0,869,3.0729100704193115,nan,20.828899383544922,nan,1784
5138.0,2428,3.0750200748443604,nan,21.187210083007812,nan,3161
4297.0,2231,2.907639980316162,nan,21.212400436401367,nan,3161
2997.0,1440,2.9593000411987305,nan,20.90308952331543,nan,1418
2381.0,1174,2.7188498973846436,nan,20.669099807739258,nan,1959
1064.0,793,2.6856000423431396,nan,20.08839988708496,nan,675
1942.0,905,2.5632901191711426,nan,20.451459884643555,nan,1796
2323.0,1262,2.533629894256592,nan,20.74588966369629,nan,1129
2702.0,1295,2.7639000415802,nan,20.544090270996094,nan,1127
735.0,363,3.0068399906158447,nan,21.322059631347656,nan,316
1255.0,963,3.007580041885376,nan,20.918359756469727,nan,863
1519.0,907,2.903480052947998,nan,21.325550079345703,nan,1439
2046.0,1298,3.546149969100952,nan,20.93899917602539,nan,1438
1482.0,829,3.412400007247925,nan,22.542499542236328,nan,722
2539.0,1208,3.601840019226074,nan,21.090839385986328,nan,1954
3112.0,1816,3.1579198837280273,nan,21.185590744018555,nan,1129
2287.0,1333,3.4349899291992188,nan,19.3031005859375,nan,1517
4831.0,10050,2.731800079345703,nan,17.45117950439453,nan,3161
2322.0,1176,2.0522100925445557,nan,12.085200309753418,nan,1127
1506.0,993,1.9962799549102783,nan,11.320340156555176,nan,723
736.0,319,2.0523200035095215,nan,11.033670425415039,nan,315
1949.0,4038,2.3881399631500244,nan,12.049030303955078,nan,1128
1207.0,1119,2.534480094909668,nan,12.035079956054688,nan,821
1473.0,1173,2.526560068130493,nan,12.047619819641113,nan,1442
2400.0,1667,3.0139598846435547,nan,13.002479553222656,nan,1229
2779.0,1508,2.5543100833892822,nan,13.648260116577148,nan,2774
3550.0,1742,2.4302000999450684,nan,14.261619567871094,nan,2470
3506.0,1525,2.4510700702667236,nan,14.426690101623535,nan,1964
3450.0,1517,2.5364298820495605,nan,15.045949935913086,nan,3161
2301.0,1151,2.317689895629883,nan,15.442560195922852,nan,1527
1489.0,941,2.7743000984191895,nan,15.969459533691406,nan,1439
3695.0,1646,2.379499912261963,nan,18.149539947509766,nan,1416
3413.0,1815,2.42795991897583,nan,18.358840942382812,nan,1433
1196.0,819,2.6415998935699463,nan,18.77557945251465,nan,821
3029.0,1563,3.1764800548553467,nan,19.000520706176758,nan,2024
2752.0,1251,3.0143399238586426,nan,19.867589950561523,nan,2016
1590.0,664,2.656219959259033,nan,18.718189239501953,nan,1527
1076.0,511,2.7682900428771973,nan,18.34547996520996,nan,677
2794.0,1320,2.743809938430786,nan,19.007160186767578,nan,1241
1519.0,705,3.2612600326538086,nan,20.604530334472656,nan,1128
1493.0,1018,3.1897900104522705,nan,20.384469985961914,nan,1439
2541.0,1875,2.9095299243927,nan,20.713329315185547,nan,1149
1921.0,1165,3.5848000049591064,nan,19.768800735473633,nan,1787
2468.0,1609,3.3657801151275635,nan,20.15765953063965,nan,2469
4308.0,2932,3.3310000896453857,nan,20.40011978149414,nan,3161
4963.0,2848,2.97829008102417,nan,20.071840286254883,nan,3161
2722.0,1307,2.5970499515533447,nan,18.715370178222656,nan,1962
3032.0,1370,2.5360300540924072,nan,18.694530487060547,nan,2469
3346.0,1714,2.6239800453186035,nan,18.92845916748047,nan,1246
2239.0,1221,2.631089925765991,nan,18.812910079956055,nan,2025
2915.0,1283,2.640700101852417,nan,19.368560791015625,nan,1796
2690.0,1713,2.717139959335327,nan,19.893009185791016,nan,1798
1634.0,1093,2.7008800506591797,nan,20.231199264526367,nan,1248
4835.0,3011,2.4738900661468506,nan,20.123580932617188,nan,3161
1589.0,772,2.5390400886535645,nan,20.317699432373047,nan,1517
2565.0,1302,2.7920899391174316,nan,20.72987937927246,nan,1527
2797.0,1631,2.7425899505615234,nan,20.042360305786133,nan,1131
1422.0,725,3.0639100074768066,nan,20.13389015197754,nan,676
2322.0,1091,2.817770004272461,nan,19.342159271240234,nan,1524
1881.0,1215,3.0416100025177,nan,19.00847053527832,nan,1126
723.0,351,2.690769910812378,nan,19.550310134887695,nan,312
1296.0,901,2.9791998863220215,nan,19.47389030456543,nan,898
1640.0,1311,3.4890499114990234,nan,19.700870513916016,nan,1439
1766.0,942,3.39559006690979,nan,19.575939178466797,nan,1424
3894.0,2055,2.9905600547790527,nan,19.43284034729004,nan,3161
2294.0,1055,2.7019100189208984,nan,19.646669387817383,nan,1129
3082.0,1472,3.240380048751831,nan,19.342309951782227,nan,2474
3907.0,1734,2.9195199012756348,nan,19.28282928466797,nan,3161
3563.0,1632,2.7256898880004883,nan,18.776119232177734,nan,3161
2211.0,1061,3.3505098819732666,nan,18.987850189208984,nan,1517
3657.0,1825,2.163100004196167,nan,19.355459213256836,nan,3161
1087.0,549,2.4828100204467773,nan,19.264440536499023,nan,677
1638.0,1290,2.5653600692749023,nan,19.78289031982422,nan,1439
3320.0,1865,3.145159959793091,nan,20.517919540405273,nan,2759
2166.0,1487,3.002429962158203,nan,21.096019744873047,nan,1417
2162.0,1076,2.8924999237060547,nan,19.19268035888672,nan,1411
1630.0,1077,2.922679901123047,nan,19.663780212402344,nan,1422
1522.0,799,2.954010009765625,nan,20.55651092529297,nan,723
1223.0,629,2.756920099258423,nan,19.44240951538086,nan,818
2399.0,1311,3.2049899101257324,nan,19.518339157104492,nan,1245
1808.0,777,3.1884400844573975,nan,19.488079071044922,nan,679
1823.0,951,2.8598899841308594,nan,20.155879974365234,nan,1662
2537.0,1099,2.8917698860168457,nan,19.703140258789062,nan,1512
1574.0,736,2.939300060272217,nan,19.97509002685547,nan,1520
3056.0,1761,2.98580002784729,nan,20.355619430541992,nan,1526
3022.0,1620,3.0282299518585205,nan,20.216089248657227,nan,1435
2656.0,1564,3.1685900688171387,nan,21.129459381103516,nan,2475
3545.0,1932,2.806269884109497,nan,21.103620529174805,nan,3161
1099.0,565,2.7756600379943848,nan,20.635509490966797,nan,690
1935.0,816,2.6288599967956543,nan,19.93638038635254,nan,1127
1098.0,561,3.271250009536743,nan,21.319339752197266,nan,686
1232.0,907,3.106679916381836,nan,20.577980041503906,nan,835
1232.0,857,3.554949998855591,nan,21.329580307006836,nan,849
2306.0,1452,3.5523300170898438,nan,22.209510803222656,nan,1128
2385.0,1280,2.9525399208068848,nan,19.297740936279297,nan,1434
733.0,357,3.0204899311065674,nan,21.846059799194336,nan,315
2263.0,1408,3.262969970703125,nan,19.800640106201172,nan,1127
3185.0,1842,3.2296900749206543,nan,19.366140365600586,nan,1434
1613.0,863,2.954010009765625,nan,19.264320373535156,nan,1524
1511.0,640,3.038530111312866,nan,18.76922035217285,nan,1439
2313.0,1253,3.1922500133514404,nan,19.319599151611328,nan,1129
2466.0,1071,2.852839946746826,nan,19.061790466308594,nan,1419
2533.0,1123,2.4888100624084473,nan,19.014989852905273,nan,2028
2816.0,1593,2.6665899753570557,nan,19.524330139160156,nan,2468
2289.0,1160,2.483829975128174,nan,19.30105972290039,nan,1127
2691.0,1325,2.935499906539917,nan,19.655439376831055,nan,1660
2592.0,1113,3.1049399375915527,nan,19.45309066772461,nan,1796
2142.0,1259,2.887929916381836,nan,19.91813087463379,nan,1242
1599.0,747,2.5887200832366943,nan,20.104860305786133,nan,1528
1842.0,1020,2.692780017852783,nan,21.234180450439453,nan,1789
2719.0,1365,2.851720094680786,nan,22.322330474853516,nan,2018
2610.0,1112,2.6758499145507812,nan,21.19841957092285,nan,2015
3079.0,1661,2.534519910812378,nan,20.3199405670166,nan,2473
3143.0,1538,2.446690082550049,nan,21.60223960876465,nan,2020
2869.0,1452,2.827699899673462,nan,21.641889572143555,nan,1775
3746.0,1688,2.9057199954986572,nan,21.74287986755371,nan,2474
1947.0,1062,2.468410015106201,nan,20.909439086914062,nan,1793
3932.0,2053,2.650470018386841,nan,21.396869659423828,nan,1959
1558.0,760,3.8206899166107178,nan,20.309850692749023,nan,1153
2560.0,1438,2.926729917526245,nan,20.164220809936523,nan,1544
736.0,359,2.9717600345611572,nan,20.8885498046875,nan,315
1525.0,961,2.9378199577331543,nan,20.923139572143555,nan,1129
1539.0,701,2.783720016479492,nan,20.203840255737305,nan,1130
729.0,331,3.253730058670044,nan,19.523069381713867,nan,315
2571.0,1241,3.0173399448394775,nan,19.85296058654785,nan,1790
1740.0,860,2.838900089263916,nan,19.39480972290039,nan,1674
3732.0,1898,2.8410799503326416,nan,20.303319931030273,nan,3161
2518.0,1457,2.7960400581359863,nan,19.731149673461914,nan,2471
1113.0,607,2.6974899768829346,nan,19.177099227905273,nan,704
1478.0,639,2.788059949874878,nan,18.935550689697266,nan,722
1901.0,1017,3.370609998703003,nan,19.55438995361328,nan,1671
3011.0,1636,3.108680009841919,nan,19.077539443969727,nan,1433
3155.0,1705,3.0368599891662598,nan,19.134750366210938,nan,2022
2290.0,1192,3.133650064468384,nan,19.08547019958496,nan,1676
4001.0,1953,2.767630100250244,nan,19.36543083190918,nan,3161
2026.0,1021,2.94815993309021,nan,19.451879501342773,nan,1128
2013.0,948,2.9150099754333496,nan,20.185829162597656,nan,1961
3525.0,1774,2.4983999729156494,nan,20.489490509033203,nan,2471
4344.0,2109,2.5679800510406494,nan,20.81814956665039,nan,3161
3456.0,1444,2.724529981613159,nan,22.035980224609375,nan,3161
1844.0,893,2.410749912261963,nan,22.71442985534668,nan,1669
4070.0,2079,2.4725899696350098,nan,22.816829681396484,nan,3161
3109.0,1989,2.901510000228882,nan,23.09100914001465,nan,1130
3393.0,1509,2.1559700965881348,nan,21.810680389404297,nan,3161
1197.0,589,2.3379199504852295,nan,21.88814926147461,nan,807
4077.0,2341,2.429810047149658,nan,22.452560424804688,nan,3161
1832.0,858,2.774329900741577,nan,22.038820266723633,nan,1797
2801.0,1161,2.6567599773406982,nan,21.573740005493164,nan,1789
1652.0,727,2.567850112915039,nan,21.999059677124023,nan,1245
3265.0,1604,2.5919198989868164,nan,21.679040908813477,nan,1273
2816.0,1358,2.444740056991577,nan,21.711139678955078,nan,1784
2700.0,1454,2.6982100009918213,nan,21.742780685424805,nan,1521
1512.0,836,2.3688900470733643,nan,21.439329147338867,nan,1126
2289.0,1173,2.881459951400757,nan,21.369319915771484,nan,1674
1522.0,934,2.577500104904175,nan,21.196979522705078,nan,1128
738.0,323,2.057110071182251,nan,21.250240325927734,nan,315
1823.0,1020,2.6686699390411377,nan,21.370119094848633,nan,1435
3103.0,2398,2.943039894104004,nan,21.17521095275879,nan,1150
1735.0,1365,3.1786201000213623,nan,20.41533088684082,nan,898
1887.0,1091,2.7441999912261963,nan,20.052209854125977,nan,1130
1664.0,915,2.7969799041748047,nan,19.777339935302734,nan,1271
1929.0,807,3.353950023651123,nan,19.603540420532227,nan,1796
3943.0,1732,2.955940008163452,nan,19.63212013244629,nan,1958
6259.0,4216,2.7908599376678467,nan,20.21122932434082,nan,3161
1482.0,717,2.6738901138305664,nan,18.858549118041992,nan,723
3611.0,2398,2.8672099113464355,nan,19.16305923461914,nan,2469
730.0,341,2.518850088119507,nan,18.83462905883789,nan,312
2067.0,1252,2.592139959335327,nan,18.80476951599121,nan,1439
1579.0,834,2.703589916229248,nan,18.6055908203125,nan,1512
1709.0,883,3.2680699825286865,nan,18.454809188842773,nan,1658
2062.0,1593,3.0838301181793213,nan,18.173419952392578,nan,1127
2091.0,1365,3.001800060272217,nan,18.051740646362305,nan,1129
2651.0,1100,2.7440199851989746,nan,18.245229721069336,nan,1512
2066.0,942,2.92546010017395,nan,18.46841049194336,nan,2020
1813.0,769,2.714600086212158,nan,19.19502067565918,nan,1674
4419.0,1891,2.5770299434661865,nan,19.803220748901367,nan,2759
1765.0,909,2.4989500045776367,nan,20.08407974243164,nan,1676
1945.0,950,2.410059928894043,nan,19.967689514160156,nan,1782
3859.0,1655,2.136359930038452,nan,20.11617088317871,nan,2762
4798.0,3088,2.4562699794769287,nan,21.466739654541016,nan,3161
3620.0,1838,3.0068299770355225,nan,22.480680465698242,nan,2471
1811.0,793,2.2184998989105225,nan,21.892099380493164,nan,684
1571.0,871,2.3925299644470215,nan,21.776639938354492,nan,810
3224.0,1643,2.557029962539673,nan,22.457149505615234,nan,1524
3064.0,1493,2.41729998588562,nan,21.78615951538086,nan,2039
2675.0,1654,2.4104599952697754,nan,21.873449325561523,nan,1127
2806.0,1913,2.6371800899505615,nan,20.99142074584961,nan,1244
4584.0,1984,2.631740093231201,nan,20.76456069946289,nan,3161
1987.0,1088,2.558929920196533,nan,20.917739868164062,nan,1956
5159.0,2293,2.5434300899505615,nan,20.90336036682129,nan,3161
3574.0,1442,2.3254799842834473,nan,21.344890594482422,nan,3161
2540.0,1184,2.3544600009918213,nan,21.58094024658203,nan,1957
1113.0,475,2.156409978866577,nan,21.075090408325195,nan,694
2464.0,1407,2.3494300842285156,nan,21.41172981262207,nan,1439
1231.0,923,2.503649950027466,nan,20.98358917236328,nan,836
2669.0,1686,2.582050085067749,nan,21.25172996520996,nan,1133
2441.0,1217,2.4685800075531006,nan,21.050140380859375,nan,1245
1530.0,691,2.5921099185943604,nan,20.913970947265625,nan,1123
2340.0,991,2.630690097808838,nan,20.714500427246094,nan,1977
4776.0,2715,2.884999990463257,nan,21.540050506591797,nan,3161
3190.0,1781,2.7666800022125244,nan,21.84299087524414,nan,2470
2873.0,1183,2.7915101051330566,nan,21.733720779418945,nan,1675
1075.0,495,2.180759906768799,nan,21.481460571289062,nan,675
1597.0,891,2.519010066986084,nan,21.68317985534668,nan,1512
3459.0,1893,2.5777599811553955,nan,21.394689559936523,nan,2471
1912.0,1041,2.3355000019073486,nan,20.90159034729004,nan,1669
2162.0,1038,2.681649923324585,nan,21.37272071838379,nan,2025
2473.0,1187,2.5795600414276123,nan,20.910839080810547,nan,1272
2428.0,1115,2.5209999084472656,nan,20.709720611572266,nan,1415
3588.0,1745,2.472100019454956,nan,20.9819393157959,nan,3161
3071.0,1439,2.4487900733947754,nan,21.128459930419922,nan,1961
4247.0,2382,2.4673900604248047,nan,21.678789138793945,nan,3161
2049.0,896,2.454590082168579,nan,22.241369247436523,nan,1439
2263.0,977,2.4119598865509033,nan,22.51013946533203,nan,1129
3386.0,1482,2.2975800037384033,nan,22.671960830688477,nan,1790
1665.0,776,2.02197003364563,nan,22.55430030822754,nan,1439
2010.0,1043,2.238960027694702,nan,22.19816017150879,nan,1953
1987.0,941,2.6750800609588623,nan,23.308549880981445,nan,1957
3122.0,1685,2.5445899963378906,nan,22.252119064331055,nan,2470
3225.0,1751,2.783979892730713,nan,22.413320541381836,nan,1245
2965.0,1652,2.654829978942871,nan,22.375490188598633,nan,1417
4038.0,1929,2.4219400882720947,nan,22.35062026977539,nan,1948
2431.0,1052,2.3698599338531494,nan,22.135669708251953,nan,1243
3239.0,1543,2.3724799156188965,nan,21.9525203704834,nan,1243
2068.0,1008,2.410370111465454,nan,21.708080291748047,nan,2016
2450.0,1043,2.264090061187744,nan,21.511770248413086,nan,1245
1508.0,705,2.480020046234131,nan,21.591779708862305,nan,1439
1512.0,726,2.6738100051879883,nan,21.57084083557129,nan,1439
1616.0,829,2.539099931716919,nan,21.608800888061523,nan,1527
2926.0,1553,2.7590301036834717,nan,21.805789947509766,nan,1801
2040.0,1057,2.4326798915863037,nan,21.802989959716797,nan,1240
1903.0,939,2.577080011367798,nan,22.809539794921875,nan,1130
2807.0,1397,3.012209892272949,nan,22.615909576416016,nan,1526
2709.0,1197,2.6402299404144287,nan,22.14919090270996,nan,1129
1802.0,818,2.611680030822754,nan,22.090320587158203,nan,1413
2439.0,1045,2.615109920501709,nan,22.053600311279297,nan,1795
1492.0,746,2.6721699237823486,nan,22.63722038269043,nan,1438
2995.0,1543,2.9081599712371826,nan,22.708309173583984,nan,2472
2224.0,1188,2.817689895629883,nan,22.760610580444336,nan,1436
2368.0,1311,2.6985599994659424,nan,22.404300689697266,nan,1242
1836.0,791,2.5077199935913086,nan,22.087629318237305,nan,1785
3146.0,1547,2.3672499656677246,nan,22.15860939025879,nan,1151
1901.0,1148,2.7639400959014893,nan,22.512910842895508,nan,1129
3242.0,1571,2.4908599853515625,nan,21.82468032836914,nan,1245
1085.0,643,2.7421600818634033,nan,21.743289947509766,nan,702
2660.0,1478,2.611759901046753,nan,21.279499053955078,nan,2470
2674.0,1305,2.3619699478149414,nan,20.694690704345703,nan,1524
1073.0,649,2.6702699661254883,nan,20.968109130859375,nan,693
1276.0,733,2.7133901119232178,nan,20.55236053466797,nan,900
2235.0,1319,2.8689799308776855,nan,20.29581069946289,nan,1789
2382.0,1175,2.694550037384033,nan,20.158689498901367,nan,1963
3189.0,1694,2.619529962539673,nan,19.997529983520508,nan,2469
1469.0,817,2.874959945678711,nan,19.910259246826172,nan,703
2366.0,1269,2.7310800552368164,nan,19.781679153442383,nan,1413
3554.0,1775,2.714550018310547,nan,19.889490127563477,nan,3161
2711.0,1163,3.0818400382995605,nan,19.61271095275879,nan,1144
1865.0,925,2.8753299713134766,nan,19.667869567871094,nan,1786
2330.0,1272,2.5677599906921387,nan,20.237319946289062,nan,1137
2044.0,1129,2.4211699962615967,nan,19.885820388793945,nan,1439
2041.0,937,2.475600004196167,nan,20.061880111694336,nan,1963
1484.0,803,2.981410026550293,nan,20.14093017578125,nan,1426
1989.0,1113,2.9094998836517334,nan,20.55183982849121,nan,1956
1915.0,873,2.664599895477295,nan,20.155120849609375,nan,1127
1491.0,777,2.84158992767334,nan,20.356470108032227,nan,1433
1462.0,609,2.809190034866333,nan,20.398090362548828,nan,693
2077.0,1088,2.947200059890747,nan,20.426679611206055,nan,2023
2442.0,1281,3.0728299617767334,nan,20.689889907836914,nan,1277
2238.0,1004,3.057300090789795,nan,20.711380004882812,nan,1957
2675.0,1507,2.8811700344085693,nan,20.67091941833496,nan,1130
2675.0,1498,2.531450033187866,nan,20.866939544677734,nan,1127
2048.0,898,2.6277101039886475,nan,20.823450088500977,nan,2020
4379.0,1946,2.4648098945617676,nan,21.26605987548828,nan,3161
2172.0,1061,2.3982698917388916,nan,21.037290573120117,nan,1528
3151.0,1509,2.3418900966644287,nan,21.253759384155273,nan,1151
1536.0,833,2.4513299465179443,nan,21.121299743652344,nan,1151
3444.0,1791,2.2372899055480957,nan,21.298419952392578,nan,2476
3750.0,2367,2.5018999576568604,nan,21.411130905151367,nan,1793
3143.0,1649,2.621619939804077,nan,20.89505958557129,nan,1155
1660.0,953,2.438230037689209,nan,20.85736083984375,nan,899
3659.0,2101,2.6697700023651123,nan,20.5639591217041,nan,3161
5441.0,2763,2.5931999683380127,nan,20.4743595123291,nan,3161
3527.0,1696,2.4822700023651123,nan,20.62885093688965,nan,3161
1765.0,870,2.077929973602295,nan,20.399110794067383,nan,1679
1831.0,805,2.4759299755096436,nan,20.091909408569336,nan,1433
1829.0,882,2.189919948577881,nan,20.397279739379883,nan,1782
2092.0,1136,2.178040027618408,nan,20.530080795288086,nan,1129
2713.0,1283,2.1359400749206543,nan,20.791799545288086,nan,1521
4009.0,2281,2.484070062637329,nan,20.425020217895508,nan,3161
1101.0,619,2.372499942779541,nan,21.043710708618164,nan,723
3047.0,1266,2.4893999099731445,nan,20.47208023071289,nan,2025
1526.0,727,2.476799964904785,nan,20.72252082824707,nan,1129
1532.0,753,2.3284099102020264,nan,20.546300888061523,nan,1149
2836.0,1378,2.452739953994751,nan,20.26226043701172,nan,1816
3847.0,2086,2.738450050354004,nan,20.37574005126953,nan,3161
2353.0,1009,2.329710006713867,nan,20.21841049194336,nan,1150
2464.0,1174,2.330399990081787,nan,20.418479919433594,nan,1436
3841.0,2238,2.520090103149414,nan,20.578899383544922,nan,3161
4472.0,2565,2.435080051422119,nan,20.31678009033203,nan,2756
2426.0,1277,2.2614901065826416,nan,20.180620193481445,nan,1247
2488.0,1184,2.2443199157714844,nan,20.30466079711914,nan,2471
2495.0,1334,2.183929920196533,nan,20.36944007873535,nan,2474
2091.0,945,2.143320083618164,nan,20.28680992126465,nan,1958
2976.0,1764,2.2754499912261963,nan,20.058950424194336,nan,1417
4781.0,2575,2.37280011177063,nan,20.005449295043945,nan,3161
1472.0,733,2.2662999629974365,nan,20.002159118652344,nan,698
1440.0,710,2.526439905166626,nan,20.05270004272461,nan,1416
1865.0,1001,2.7164700031280518,nan,19.852880477905273,nan,1128
3256.0,1818,2.530400037765503,nan,19.957799911499023,nan,2475
1597.0,675,2.7489099502563477,nan,19.8333797454834,nan,1541
2196.0,1139,2.6075899600982666,nan,20.044069290161133,nan,1435
2768.0,1269,2.4011099338531494,nan,20.336200714111328,nan,2023
737.0,351,2.932889938354492,nan,20.19063949584961,nan,315
6360.0,4300,2.7055599689483643,nan,20.39472007751465,nan,3161
3620.0,1423,2.719749927520752,nan,20.070119857788086,nan,1955
2190.0,1020,2.4358301162719727,nan,20.02672004699707,nan,1795
1597.0,667,2.685839891433716,nan,19.94438934326172,nan,1521
1633.0,947,2.611530065536499,nan,19.822959899902344,nan,1422
3416.0,1489,2.526949882507324,nan,20.101579666137695,nan,1413
2840.0,1465,2.785360097885132,nan,20.10824966430664,nan,1245
2416.0,1437,2.771519899368286,nan,20.222930908203125,nan,1530
2554.0,1113,2.742219924926758,nan,20.335500717163086,nan,1791
1504.0,908,2.8692500591278076,nan,20.573850631713867,nan,1439
2552.0,1637,2.646440029144287,nan,20.635839462280273,nan,1242
2181.0,987,2.819010019302368,nan,20.537200927734375,nan,1957
1935.0,1071,2.5375399589538574,nan,20.349489212036133,nan,1792
3122.0,1691,2.6331100463867188,nan,20.162839889526367,nan,2020
3904.0,1702,2.71301007270813,nan,20.254419326782227,nan,3161
2143.0,1018,2.707580089569092,nan,20.321779251098633,nan,2020
3445.0,1711,2.436500072479248,nan,20.462020874023438,nan,3161
2136.0,1134,2.4695498943328857,nan,21.0280704498291,nan,2020
1646.0,720,2.5426900386810303,nan,20.86458969116211,nan,1417
1521.0,728,2.551270008087158,nan,21.066089630126953,nan,1130
1974.0,1004,2.534329891204834,nan,21.095130920410156,nan,1800
3648.0,1728,2.3482398986816406,nan,21.034099578857422,nan,2475
3366.0,1698,2.01065993309021,nan,21.144380569458008,nan,1245
4831.0,2081,2.60725998878479,nan,20.930320739746094,nan,3161
2017.0,823,2.4731099605560303,nan,21.038780212402344,nan,1431
2798.0,1436,2.8598101139068604,nan,21.178659439086914,nan,2760
3628.0,1601,2.226670026779175,nan,21.464160919189453,nan,2023
3131.0,1419,2.134160041809082,nan,21.62788963317871,nan,1128
4730.0,2297,2.14451003074646,nan,21.932010650634766,nan,3161
3139.0,1461,2.174959897994995,nan,22.21925926208496,nan,1433
2128.0,994,2.030210018157959,nan,22.20747947692871,nan,1960
1619.0,685,2.020780086517334,nan,22.128259658813477,nan,1523
4191.0,2101,2.2111899852752686,nan,22.18161964416504,nan,2761
3905.0,2140,2.1953001022338867,nan,22.204139709472656,nan,3161
1665.0,847,2.6463000774383545,nan,22.32472038269043,nan,1524
4440.0,1998,2.5360000133514404,nan,22.150279998779297,nan,3161
5273.0,2762,2.306689977645874,nan,22.02800941467285,nan,3161
4635.0,2420,2.1623799800872803,nan,22.149940490722656,nan,3161
1748.0,802,2.1614298820495605,nan,22.095600128173828,nan,1674
2060.0,915,2.311199903488159,nan,21.96537971496582,nan,1679
3428.0,1419,2.174190044403076,nan,21.751739501953125,nan,1952
2458.0,992,2.2841598987579346,nan,21.77511978149414,nan,2019
1860.0,840,2.2261099815368652,nan,21.690500259399414,nan,1792
1506.0,837,2.414789915084839,nan,22.03874969482422,nan,1129
1568.0,658,2.7131600379943848,nan,21.95408058166504,nan,1527
1805.0,963,2.5894999504089355,nan,22.04047966003418,nan,1783
2263.0,1229,2.220550060272217,nan,22.185070037841797,nan,1958
4431.0,2083,2.640510082244873,nan,22.217079162597656,nan,3161
3142.0,1493,2.613719940185547,nan,22.342510223388672,nan,1958
1736.0,787,2.5079500675201416,nan,22.286380767822266,nan,1525
2700.0,1519,2.61149001121521,nan,22.116439819335938,nan,1676
1823.0,831,2.4663000106811523,nan,21.974700927734375,nan,1804
2178.0,1105,2.5168399810791016,nan,21.872190475463867,nan,2025
1842.0,900,2.650239944458008,nan,21.804370880126953,nan,1793
2322.0,1185,2.793100118637085,nan,21.700990676879883,nan,1433
3641.0,1922,2.57384991645813,nan,21.678640365600586,nan,1525
1570.0,933,2.7773399353027344,nan,21.52082061767578,nan,822
2478.0,991,2.8410298824310303,nan,21.429689407348633,nan,1675
2847.0,1375,2.5892300605773926,nan,21.347919464111328,nan,2472
3122.0,1603,2.683690071105957,nan,21.406259536743164,nan,1952
1494.0,743,2.355340003967285,nan,21.315330505371094,nan,703
2007.0,1042,2.8078999519348145,nan,21.2172794342041,nan,1129
2690.0,1594,2.5128400325775146,nan,21.220670700073242,nan,1155
2519.0,1233,2.8399600982666016,nan,21.239940643310547,nan,1958
1679.0,799,2.5983200073242188,nan,21.32655906677246,nan,1523
1831.0,839,2.771859884262085,nan,21.157169342041016,nan,1802
2263.0,1239,2.9289300441741943,nan,21.081329345703125,nan,1129
2587.0,1277,2.483570098876953,nan,21.10388946533203,nan,2022
3035.0,1451,2.460599899291992,nan,21.198829650878906,nan,2472
2861.0,1273,2.454200029373169,nan,21.081350326538086,nan,2471
2530.0,1076,2.1482300758361816,nan,21.300270080566406,nan,2473
2196.0,924,2.3220698833465576,nan,21.55385971069336,nan,1802
3942.0,1789,2.5506300926208496,nan,21.686059951782227,nan,1960
1937.0,956,2.732919931411743,nan,21.623899459838867,nan,1785
1989.0,1294,2.2499399185180664,nan,21.853790283203125,nan,1123
2685.0,1417,2.387209892272949,nan,22.02216911315918,nan,1955
3260.0,1609,2.4389700889587402,nan,21.88429069519043,nan,1243
1298.0,835,2.1409499645233154,nan,21.72896957397461,nan,900
1650.0,1001,3.0609400272369385,nan,21.516630172729492,nan,1442
1513.0,909,2.7369799613952637,nan,21.498119354248047,nan,1135
1555.0,778,2.5608699321746826,nan,21.330320358276367,nan,1517
2088.0,1298,2.530829906463623,nan,21.056589126586914,nan,1137
1725.0,900,2.8243699073791504,nan,20.914770126342773,nan,1664
2340.0,1175,2.9449000358581543,nan,20.650739669799805,nan,1955
2545.0,1162,2.7443199157714844,nan,20.62148094177246,nan,2470
2198.0,1399,2.816499948501587,nan,20.424039840698242,nan,1527
2581.0,1518,2.8427200317382812,nan,20.21548080444336,nan,2473
1746.0,748,3.096100091934204,nan,20.216020584106445,nan,1676
1650.0,761,2.4172000885009766,nan,20.250320434570312,nan,1248
2022.0,805,2.7437100410461426,nan,20.261890411376953,nan,1674
2580.0,1233,2.573430061340332,nan,20.259599685668945,nan,1789
1140.0,483,2.7944600582122803,nan,20.372909545898438,nan,722
1983.0,919,2.865809917449951,nan,20.475889205932617,nan,1954
2372.0,1017,2.8708600997924805,nan,20.642200469970703,nan,1956
4514.0,2650,2.812959909439087,nan,20.987520217895508,nan,3161
3624.0,1437,2.845449924468994,nan,20.945390701293945,nan,1959
4597.0,2206,2.5253100395202637,nan,21.038000106811523,nan,3161
2188.0,995,2.4221200942993164,nan,21.093460083007812,nan,1790
2276.0,1419,2.310159921646118,nan,21.040939331054688,nan,1516
3076.0,1301,2.3020598888397217,nan,21.08386993408203,nan,1960
2444.0,1259,2.5018301010131836,nan,21.10964012145996,nan,1243
2830.0,1385,2.5577900409698486,nan,21.198379516601562,nan,2768
1831.0,841,2.546250104904175,nan,21.33251953125,nan,1798
2026.0,962,2.43927001953125,nan,21.385549545288086,nan,1788
1572.0,942,2.0981199741363525,nan,21.34157943725586,nan,1524
2932.0,1287,2.600980043411255,nan,21.105289459228516,nan,1674
2996.0,1450,2.5941100120544434,nan,21.041259765625,nan,1434
2081.0,885,2.4293599128723145,nan,21.272279739379883,nan,2017
4463.0,2473,2.672029972076416,nan,21.562179565429688,nan,3161
3871.0,1821,2.6271700859069824,nan,21.850059509277344,nan,3161
2132.0,1174,2.2656800746917725,nan,22.208099365234375,nan,1385
2028.0,1102,2.035710096359253,nan,21.96381950378418,nan,1814
2825.0,1237,2.2565200328826904,nan,22.073129653930664,nan,1789
3263.0,1472,2.178179979324341,nan,21.66667938232422,nan,1797
3347.0,1715,2.136229991912842,nan,21.47757911682129,nan,2025
739.0,339,2.5366599559783936,nan,21.32567024230957,nan,315
1554.0,718,2.061310052871704,nan,21.348079681396484,nan,1151
1101.0,487,2.7201099395751953,nan,21.32200050354004,nan,683
2092.0,1368,2.4969398975372314,nan,21.310260772705078,nan,1131
2050.0,955,2.515000104904175,nan,21.391069412231445,nan,2024
3244.0,1905,2.851140022277832,nan,21.301990509033203,nan,1245
2539.0,1229,2.5808401107788086,nan,21.34221076965332,nan,1245
5917.0,3945,2.5560901165008545,nan,20.926000595092773,nan,3161
2324.0,1171,2.5366098880767822,nan,20.233020782470703,nan,1139
3744.0,2058,2.460740089416504,nan,19.994890213012695,nan,2473
2572.0,1159,2.5366599559783936,nan,19.695270538330078,nan,1528
2002.0,1266,2.4931299686431885,nan,19.47834014892578,nan,1126
1620.0,805,2.4836299419403076,nan,19.326169967651367,nan,1529
2831.0,1649,2.680730104446411,nan,19.091400146484375,nan,1130
2794.0,1566,2.7585198879241943,nan,19.166160583496094,nan,1243
3442.0,1784,2.912029981613159,nan,19.350990295410156,nan,3161
3635.0,1666,2.58981990814209,nan,19.432819366455078,nan,1530
2165.0,918,2.061079978942871,nan,19.61949920654297,nan,1961
1504.0,831,2.21412992477417,nan,19.68115997314453,nan,722
2800.0,1266,2.338409900665283,nan,19.834980010986328,nan,1246
3751.0,1769,2.2520101070404053,nan,19.95513916015625,nan,3161
1511.0,871,2.390010118484497,nan,20.054349899291992,nan,1127
2108.0,1031,2.713550090789795,nan,20.134830474853516,nan,1795
3371.0,1648,2.462399959564209,nan,20.35696029663086,nan,1246
4761.0,2382,2.2846899032592773,nan,20.547269821166992,nan,3161
6422.0,3984,2.403709888458252,nan,21.011720657348633,nan,3161
1932.0,937,2.098249912261963,nan,20.860570907592773,nan,1126
2343.0,987,2.2102999687194824,nan,20.8523006439209,nan,1151
3017.0,1571,2.33735990524292,nan,20.90522003173828,nan,2474
3235.0,1703,2.313849925994873,nan,20.96501922607422,nan,1247
2708.0,1350,2.1226000785827637,nan,20.840299606323242,nan,1522
1937.0,909,2.315150022506714,nan,20.73862075805664,nan,1803
3274.0,1433,2.3361101150512695,nan,20.549049377441406,nan,1677
2225.0,919,2.472990036010742,nan,20.722780227661133,nan,2021
2340.0,1183,2.3625099658966064,nan,20.865570068359375,nan,1152
3136.0,1703,2.27485990524292,nan,20.905319213867188,nan,1676
1861.0,830,2.4641900062561035,nan,20.94264030456543,nan,1823
2538.0,1304,2.3184499740600586,nan,21.085590362548828,nan,1521
3996.0,2018,2.5759799480438232,nan,21.387819290161133,nan,2473
1497.0,660,2.3742799758911133,nan,21.538320541381836,nan,1439
2825.0,1639,2.241990089416504,nan,21.4531192779541,nan,1665
3442.0,1783,2.2203099727630615,nan,21.189300537109375,nan,3161
2275.0,1093,2.530519962310791,nan,21.1627197265625,nan,1959
1849.0,950,2.1282401084899902,nan,21.003089904785156,nan,1787
1486.0,969,2.7461800575256348,nan,20.885099411010742,nan,1126
3846.0,1989,2.5482099056243896,nan,21.101959228515625,nan,3161
1898.0,909,2.97802996635437,nan,21.37820053100586,nan,1128
1140.0,529,3.014009952545166,nan,21.10634994506836,nan,723
2325.0,1275,2.6750099658966064,nan,21.202850341796875,nan,1129
2532.0,1224,2.788949966430664,nan,20.9658203125,nan,1527
2027.0,1007,2.4720699787139893,nan,21.00572967529297,nan,1276
3144.0,1561,2.7742700576782227,nan,21.01095962524414,nan,2762
3379.0,1389,2.783799886703491,nan,21.128379821777344,nan,3161
2386.0,992,2.260390043258667,nan,21.132970809936523,nan,1948
1773.0,717,2.4499900341033936,nan,21.228660583496094,nan,1523
2026.0,1307,2.616379976272583,nan,21.376359939575195,nan,2020
1537.0,771,2.256239891052246,nan,21.311830520629883,nan,1502
4768.0,2491,2.6443800926208496,nan,21.26276969909668,nan,3161
2461.0,1107,2.51842999458313,nan,21.36652946472168,nan,2025
6041.0,2768,2.2645199298858643,nan,21.392040252685547,nan,3161
1867.0,930,2.1373000144958496,nan,21.47480010986328,nan,1780
2821.0,1181,2.623800039291382,nan,21.49856948852539,nan,1789
1520.0,958,2.4343199729919434,nan,21.64826011657715,nan,1128
3523.0,1798,2.1581599712371826,nan,21.697669982910156,nan,1956
1612.0,830,2.4236299991607666,nan,21.632780075073242,nan,1535
1533.0,682,1.8699699640274048,nan,21.745359420776367,nan,1130
3352.0,1693,2.4241700172424316,nan,21.710399627685547,nan,2473
2431.0,1133,2.532370090484619,nan,21.513290405273438,nan,1241
1769.0,821,2.6872100830078125,nan,21.395139694213867,nan,1526
1809.0,1060,2.510590076446533,nan,21.356000900268555,nan,1418
2540.0,1073,3.1035399436950684,nan,21.277109146118164,nan,1242
2200.0,1119,2.5265700817108154,nan,21.33493995666504,nan,2020
5248.0,2742,2.593640089035034,nan,21.32699966430664,nan,3161
2678.0,1695,2.4072699546813965,nan,21.1025390625,nan,1957
3750.0,1694,2.427220106124878,nan,20.95754051208496,nan,2469
4336.0,3268,2.3826799392700195,nan,20.66884994506836,nan,3161
2033.0,911,2.330280065536499,nan,19.94788932800293,nan,1245
2554.0,1236,2.496500015258789,nan,19.769779205322266,nan,1964
2491.0,1303,2.6375300884246826,nan,19.5870304107666,nan,1528
4733.0,9911,2.462779998779297,nan,17.932180404663086,nan,3161
1434.0,1094,1.7847000360488892,nan,14.017200469970703,nan,1411
671.0,491,1.3895000219345093,nan,13.430950164794922,nan,296
680.0,481,1.2813400030136108,nan,13.102720260620117,nan,296
680.0,481,1.5182299613952637,nan,12.979700088500977,nan,296
680.0,481,1.1551300287246704,nan,12.689379692077637,nan,296
681.0,483,1.5483800172805786,nan,12.636460304260254,nan,297
680.0,481,1.5977400541305542,nan,12.664340019226074,nan,296
679.0,481,1.7483700513839722,nan,12.639739990234375,nan,296
680.0,481,1.6843899488449097,nan,12.651280403137207,nan,296
681.0,479,1.3480600118637085,nan,12.661279678344727,nan,298
1426.0,4517,2.1290199756622314,nan,12.486339569091797,nan,1245
1589.0,789,2.295099973678589,nan,12.066720008850098,nan,1525
2426.0,1298,2.5733299255371094,nan,12.911120414733887,nan,2019
2142.0,927,2.3013899326324463,nan,13.659099578857422,nan,1955
4637.0,2871,1.910140037536621,nan,15.0933198928833,nan,3161
4400.0,2218,1.8946199417114258,nan,16.416959762573242,nan,3161
4024.0,1866,2.251620054244995,nan,17.452510833740234,nan,3161
2679.0,1528,2.3415000438690186,nan,17.915359497070312,nan,1674
2569.0,1697,2.6240899562835693,nan,18.226919174194336,nan,1404
1826.0,841,2.6472299098968506,nan,18.37067985534668,nan,1792
1919.0,1263,2.641590118408203,nan,18.367660522460938,nan,1153
2813.0,1466,2.4935901165008545,nan,18.60873031616211,nan,1785
1863.0,1068,2.7305400371551514,nan,18.794849395751953,nan,1127
3472.0,1752,2.396359920501709,nan,19.07073974609375,nan,2473
2711.0,1227,2.6180100440979004,nan,19.264320373535156,nan,1154
3055.0,1427,2.4051599502563477,nan,19.364580154418945,nan,2027
1576.0,725,2.182950019836426,nan,19.600980758666992,nan,1517
2199.0,1101,2.468600034713745,nan,19.758020401000977,nan,1802
2412.0,1057,2.464430093765259,nan,19.937379837036133,nan,1240
2030.0,1019,3.024209976196289,nan,20.046459197998047,nan,1128
3749.0,1990,2.5857601165771484,nan,20.24386978149414,nan,2758
2559.0,1430,2.574310064315796,nan,20.433359146118164,nan,1983
1506.0,773,2.613569974899292,nan,20.530839920043945,nan,1439
2613.0,1299,2.4609100818634033,nan,20.600080490112305,nan,2028
2031.0,1024,2.376800060272217,nan,20.715869903564453,nan,1795
3562.0,1816,2.776599884033203,nan,20.854440689086914,nan,2030
2170.0,994,2.307310104370117,nan,20.862009048461914,nan,1983
1987.0,1075,2.430569887161255,nan,20.802719116210938,nan,1959
3428.0,1500,2.4565799236297607,nan,20.765670776367188,nan,3161
3746.0,1714,2.4113099575042725,nan,20.75255012512207,nan,2759
2321.0,1176,2.35371994972229,nan,20.804880142211914,nan,1129
2247.0,1011,2.1559300422668457,nan,21.089099884033203,nan,1669
3340.0,1842,2.2354800701141357,nan,21.220260620117188,nan,1245
2748.0,1500,2.3803000450134277,nan,21.232540130615234,nan,1961
2422.0,1546,2.4362399578094482,nan,21.10441017150879,nan,1246
2098.0,898,2.497960090637207,nan,21.041019439697266,nan,2022
2066.0,857,2.603480100631714,nan,21.012399673461914,nan,1802
4900.0,2088,2.4434499740600586,nan,20.9143009185791,nan,3161
3405.0,1787,2.334660053253174,nan,21.032419204711914,nan,3161
4082.0,2038,2.3894400596618652,nan,20.842140197753906,nan,2474
728.0,421,2.4557600021362305,nan,20.94938087463379,nan,314
2338.0,1063,2.501960039138794,nan,20.99449920654297,nan,1131
2333.0,1168,2.3781800270080566,nan,21.151439666748047,nan,1127
2290.0,1139,2.14520001411438,nan,21.272520065307617,nan,1128
2360.0,1292,2.5668599605560303,nan,21.259899139404297,nan,1149
2692.0,1130,2.258699893951416,nan,21.288150787353516,nan,2041
3359.0,1494,2.5418500900268555,nan,21.40361976623535,nan,1246
3234.0,1425,2.495569944381714,nan,21.49472999572754,nan,1676
3067.0,1413,2.461869955062866,nan,21.740339279174805,nan,1958
1836.0,981,2.625969886779785,nan,21.75826072692871,nan,1678
1542.0,627,3.1718900203704834,nan,21.78972053527832,nan,1129
1237.0,701,2.5343399047851562,nan,21.95989990234375,nan,828
2546.0,1409,2.622580051422119,nan,22.00901985168457,nan,1786
1522.0,909,2.320620059967041,nan,22.09827995300293,nan,1151
1596.0,846,2.1497299671173096,nan,22.019329071044922,nan,1516
2183.0,1526,2.674690008163452,nan,21.850830078125,nan,1435
3010.0,1480,2.657910108566284,nan,21.633249282836914,nan,2017
2402.0,1192,2.913569927215576,nan,21.557109832763672,nan,1434
4399.0,2212,2.5199599266052246,nan,21.202980041503906,nan,3161
4501.0,9856,2.3786399364471436,nan,19.23579978942871,nan,3161
2841.0,3147,1.403480052947998,nan,13.455960273742676,nan,1246
4565.0,4874,1.4941500425338745,nan,10.993029594421387,nan,3161
5479.0,3420,1.5042599439620972,nan,12.322090148925781,nan,3161
2773.0,1111,1.4877099990844727,nan,13.57798957824707,nan,2024
1485.0,739,1.7210700511932373,nan,14.184269905090332,nan,1435
2007.0,1029,1.5627700090408325,nan,14.900389671325684,nan,1789
2605.0,1364,2.006589889526367,nan,15.722530364990234,nan,1433
3324.0,1511,2.0356199741363525,nan,16.458499908447266,nan,1961
2280.0,883,2.393630027770996,nan,17.00963020324707,nan,1955
3234.0,1572,2.2685599327087402,nan,17.7131404876709,nan,1242
1624.0,719,2.4341299533843994,nan,18.169509887695312,nan,810
2878.0,1363,2.5627999305725098,nan,18.59762954711914,nan,1435
2069.0,1016,2.374799966812134,nan,19.066200256347656,nan,1948
2020.0,880,2.749459981918335,nan,19.299739837646484,nan,1948
4129.0,2259,2.2126100063323975,nan,19.753429412841797,nan,3161
1937.0,880,2.2221500873565674,nan,20.329849243164062,nan,1126
1762.0,812,2.5189599990844727,nan,20.438039779663086,nan,1526
2187.0,860,2.4233100414276123,nan,20.465290069580078,nan,1433
3222.0,1548,2.39736008644104,nan,20.589069366455078,nan,2476
2118.0,1002,2.61542010307312,nan,20.719200134277344,nan,1528
2807.0,1818,2.791599988937378,nan,20.82513999938965,nan,1130
1998.0,1032,2.8445000648498535,nan,20.80647087097168,nan,1961
1497.0,706,2.386120080947876,nan,20.795759201049805,nan,1437
3433.0,1642,2.4004600048065186,nan,20.891630172729492,nan,3161
1905.0,939,2.7409400939941406,nan,20.975439071655273,nan,1792
2190.0,907,2.477030038833618,nan,21.0114803314209,nan,1956
3719.0,1974,2.4866700172424316,nan,21.206310272216797,nan,3161
1511.0,795,2.5811901092529297,nan,21.144039154052734,nan,1125
3054.0,1471,2.6999800205230713,nan,20.937829971313477,nan,1941
2315.0,1344,2.787329912185669,nan,20.88043975830078,nan,1130
2446.0,1226,2.3146800994873047,nan,20.905330657958984,nan,1245
1557.0,637,2.2644400596618652,nan,20.852859497070312,nan,1149
2087.0,1023,2.41402006149292,nan,20.875459671020508,nan,1960
1680.0,825,2.23294997215271,nan,20.88425064086914,nan,1439
1523.0,923,2.7386600971221924,nan,20.809619903564453,nan,1129
738.0,333,2.3519599437713623,nan,20.63372039794922,nan,315
2019.0,1303,2.4520299434661865,nan,20.645639419555664,nan,1959
3407.0,2109,2.6396400928497314,nan,20.491500854492188,nan,3161
1864.0,801,2.6574900150299072,nan,20.173879623413086,nan,1796
741.0,325,2.4543700218200684,nan,20.127239227294922,nan,315
1885.0,923,2.897819995880127,nan,20.130619049072266,nan,1130
3680.0,1604,2.578249931335449,nan,20.172510147094727,nan,3161
1519.0,986,2.910989999771118,nan,20.055360794067383,nan,1125
1981.0,882,3.0660998821258545,nan,19.98065948486328,nan,1955
2106.0,1144,2.8709700107574463,nan,20.080299377441406,nan,1525
2078.0,1022,2.768320083618164,nan,20.147850036621094,nan,2019
2149.0,959,2.4235401153564453,nan,20.175710678100586,nan,2019
2850.0,1546,2.8196499347686768,nan,20.307409286499023,nan,2473
4030.0,1907,2.6001200675964355,nan,20.52079963684082,nan,3161
2581.0,1256,2.4677999019622803,nan,20.57270050048828,nan,2476
1929.0,990,2.8657500743865967,nan,20.58824920654297,nan,1126
5013.0,2585,2.4507200717926025,nan,20.742919921875,nan,3161
4018.0,2009,2.4136300086975098,nan,20.825410842895508,nan,3161
3908.0,2222,2.5101799964904785,nan,20.774450302124023,nan,1954
2404.0,1227,2.4575600624084473,nan,20.667720794677734,nan,2020
1622.0,673,2.4039199352264404,nan,20.6919002532959,nan,1526
4406.0,2018,2.449049949645996,nan,20.689369201660156,nan,3161
1649.0,697,2.3097400665283203,nan,20.84273910522461,nan,1244
2323.0,1239,2.6600399017333984,nan,20.753829956054688,nan,1128
3675.0,1783,2.265079975128174,nan,20.758140563964844,nan,2024
3087.0,1327,2.362299919128418,nan,20.730249404907227,nan,1960
2337.0,1173,2.4272799491882324,nan,20.900169372558594,nan,1150
2897.0,1344,2.3145499229431152,nan,21.04277992248535,nan,1417
1528.0,868,2.7355399131774902,nan,21.078819274902344,nan,1128
739.0,341,2.6171300411224365,nan,21.114900588989258,nan,316
1649.0,854,2.501420021057129,nan,21.223960876464844,nan,1441
2556.0,1382,2.535490036010742,nan,21.116710662841797,nan,1526
2492.0,1290,2.5270299911499023,nan,21.176910400390625,nan,2469
5268.0,2459,2.1736700534820557,nan,21.142059326171875,nan,3161
3148.0,1452,2.129240036010742,nan,20.99781036376953,nan,1962
1851.0,787,2.7604799270629883,nan,20.931949615478516,nan,1796
1470.0,835,2.313040018081665,nan,20.99427032470703,nan,1432
1289.0,755,2.670599937438965,nan,21.04853057861328,nan,900
5002.0,2592,2.4478600025177,nan,20.996379852294922,nan,3161
2871.0,1533,2.3983700275421143,nan,20.79283905029297,nan,2763
3446.0,1705,2.3941900730133057,nan,20.802989959716797,nan,3161
2845.0,1325,2.3563599586486816,nan,20.778860092163086,nan,1243
2577.0,1197,2.365370035171509,nan,20.806079864501953,nan,2024
1098.0,657,2.4829599857330322,nan,20.794069290161133,nan,702
1510.0,747,2.532670021057129,nan,20.77804946899414,nan,1438
