Rewards,Lengths,Loss1,Loss2,Q1,Q2,Best_Distances
1230.0,2111,1.19872,nan,0.69038,nan,899
3121.0,2522,1.9783300161361694,nan,3.4740800857543945,nan,2476
2597.0,1206,2.249650001525879,nan,5.545300006866455,nan,1433
1929.0,1000,2.4054501056671143,nan,8.046460151672363,nan,1127
2632.0,1189,2.269789934158325,nan,10.422889709472656,nan,1435
2810.0,1439,2.586199998855591,nan,13.05918025970459,nan,1803
1522.0,725,2.6633200645446777,nan,14.378230094909668,nan,1129
1591.0,731,2.29692006111145,nan,15.476380348205566,nan,1523
2270.0,1069,2.886199951171875,nan,17.164079666137695,nan,1524
1913.0,885,2.2611799240112305,nan,17.80677032470703,nan,1129
2001.0,1475,2.315419912338257,nan,19.27692985534668,nan,1126
736.0,361,2.757550001144409,nan,20.048219680786133,nan,315
1888.0,1028,2.837739944458008,nan,19.390169143676758,nan,1677
1110.0,531,2.977560043334961,nan,18.827499389648438,nan,694
1692.0,823,2.6528398990631104,nan,19.155370712280273,nan,1524
1523.0,808,2.2826199531555176,nan,19.523229598999023,nan,1440
1526.0,897,2.784060001373291,nan,19.129430770874023,nan,1126
2966.0,1835,3.0925099849700928,nan,18.20166015625,nan,1956
2175.0,1382,3.0128800868988037,nan,17.718700408935547,nan,1433
2268.0,1643,2.8828001022338867,nan,17.39402961730957,nan,1123
1500.0,1072,3.0834200382232666,nan,16.824649810791016,nan,1437
736.0,379,3.089289903640747,nan,16.43560028076172,nan,315
1532.0,799,3.4499499797821045,nan,16.057479858398438,nan,1128
2127.0,1293,2.628040075302124,nan,16.24924087524414,nan,1527
738.0,337,2.707390069961548,nan,15.900609970092773,nan,315
2071.0,1774,2.9156899452209473,nan,15.695770263671875,nan,1130
1123.0,791,2.9125499725341797,nan,15.778280258178711,nan,724
1122.0,911,2.8236100673675537,nan,16.225749969482422,nan,722
1876.0,863,2.825239896774292,nan,16.739160537719727,nan,1795
1596.0,887,3.278860092163086,nan,15.733940124511719,nan,808
2014.0,973,3.0648601055145264,nan,15.850350379943848,nan,1784
1799.0,929,3.069040060043335,nan,16.891469955444336,nan,1667
2820.0,1502,2.7724199295043945,nan,16.85099983215332,nan,2470
3052.0,1904,2.4759600162506104,nan,17.19356918334961,nan,1437
2600.0,1351,2.5883901119232178,nan,18.847259521484375,nan,2469
2621.0,1229,1.913159966468811,nan,19.51399040222168,nan,2474
1885.0,1013,2.2161500453948975,nan,20.49220085144043,nan,1131
1628.0,901,2.121619939804077,nan,20.5279598236084,nan,1247
1630.0,899,2.343640089035034,nan,20.40900993347168,nan,825
1112.0,521,2.5845699310302734,nan,20.364219665527344,nan,698
1903.0,1057,2.135309934616089,nan,20.533639907836914,nan,1521
2156.0,1639,2.4911301136016846,nan,19.996639251708984,nan,869
2574.0,1887,2.7896499633789062,nan,19.820499420166016,nan,1133
1441.0,751,2.5768799781799316,nan,18.984500885009766,nan,692
1538.0,690,2.527050018310547,nan,18.625410079956055,nan,1442
2177.0,1145,2.399319887161255,nan,18.731510162353516,nan,1416
1857.0,976,2.5041799545288086,nan,17.879180908203125,nan,1794
1900.0,1129,2.4924800395965576,nan,18.09214973449707,nan,1516
1496.0,1103,2.618269920349121,nan,17.544309616088867,nan,722
2855.0,1904,2.394779920578003,nan,17.767900466918945,nan,2765
2715.0,1431,2.179490089416504,nan,17.8693904876709,nan,1137
2092.0,1250,2.6182100772857666,nan,18.416519165039062,nan,1126
1225.0,493,2.381779909133911,nan,19.15852928161621,nan,808
1871.0,1313,2.6297199726104736,nan,18.253400802612305,nan,1129
4060.0,2861,2.2591500282287598,nan,17.862340927124023,nan,3161
1826.0,801,2.3983700275421143,nan,17.638769149780273,nan,1788
3035.0,1338,2.5760300159454346,nan,18.694700241088867,nan,1434
4832.0,2096,2.5120699405670166,nan,21.752960205078125,nan,3161
2013.0,981,2.2996699810028076,nan,21.586740493774414,nan,1957
2435.0,1146,2.351099967956543,nan,21.283000946044922,nan,1244
2427.0,1156,2.081670045852661,nan,21.73419952392578,nan,1242
3113.0,1678,2.369960069656372,nan,20.989389419555664,nan,1126
1531.0,821,1.966189980506897,nan,20.84626007080078,nan,1130
2217.0,1148,2.070189952850342,nan,21.003559112548828,nan,1434
5007.0,2899,2.373199939727783,nan,20.586639404296875,nan,3161
3058.0,1584,2.526129961013794,nan,20.52412986755371,nan,2475
2630.0,1276,2.3715999126434326,nan,20.077499389648438,nan,1435
2356.0,1064,2.518510103225708,nan,20.373910903930664,nan,1956
2707.0,1320,2.291409969329834,nan,20.069110870361328,nan,1674
2337.0,1036,2.2288100719451904,nan,20.017759323120117,nan,1129
2686.0,1416,2.3301799297332764,nan,19.658409118652344,nan,1671
2584.0,1622,2.2680299282073975,nan,19.65549087524414,nan,1416
1514.0,917,2.2072999477386475,nan,19.18161964416504,nan,1130
2014.0,1050,2.544029951095581,nan,18.55569076538086,nan,1129
1539.0,805,2.817049980163574,nan,18.7335205078125,nan,1138
2112.0,1125,2.393470048904419,nan,18.702880859375,nan,1959
3115.0,1771,2.37362003326416,nan,18.786619186401367,nan,1129
1491.0,1033,2.2766900062561035,nan,18.087459564208984,nan,1141
2847.0,1440,2.357490062713623,nan,18.367910385131836,nan,1663
1577.0,967,2.45061993598938,nan,19.253080368041992,nan,799
1476.0,965,2.823859930038452,nan,19.040639877319336,nan,722
1628.0,1153,2.576889991760254,nan,18.757230758666992,nan,1434
2192.0,1122,2.7792699337005615,nan,18.076509475708008,nan,1435
2275.0,1175,2.3115599155426025,nan,18.40226936340332,nan,1130
1804.0,884,2.086780071258545,nan,18.888669967651367,nan,1415
3098.0,1427,2.4102299213409424,nan,18.463199615478516,nan,1953
2355.0,1070,2.319309949874878,nan,18.709619522094727,nan,1960
2503.0,1203,2.624809980392456,nan,19.653980255126953,nan,2467
3426.0,1607,2.328279972076416,nan,19.759180068969727,nan,1433
3855.0,1802,2.2682199478149414,nan,20.522010803222656,nan,2472
2798.0,1331,2.0809099674224854,nan,21.071699142456055,nan,1524
1899.0,850,2.0980401039123535,nan,21.17951011657715,nan,1129
2027.0,1009,2.101900100708008,nan,21.49340057373047,nan,1796
3117.0,1771,2.1715099811553955,nan,21.587799072265625,nan,1130
1913.0,882,2.092060089111328,nan,21.13903045654297,nan,1155
1728.0,935,2.408289909362793,nan,21.104999542236328,nan,1523
2392.0,1666,2.3856399059295654,nan,21.098499298095703,nan,1127
1503.0,942,2.3437600135803223,nan,20.219270706176758,nan,1126
2415.0,1331,2.5739901065826416,nan,20.199840545654297,nan,1235
1107.0,641,2.743649959564209,nan,20.108989715576172,nan,723
2027.0,1243,2.5338799953460693,nan,19.758010864257812,nan,1136
4702.0,2599,2.230530023574829,nan,18.973039627075195,nan,3161
1513.0,701,2.351099967956543,nan,18.255170822143555,nan,1438
2190.0,987,2.3263399600982666,nan,18.062089920043945,nan,1415
3142.0,1407,2.462399959564209,nan,18.554479598999023,nan,1136
2776.0,1475,2.390399932861328,nan,19.456100463867188,nan,1224
2026.0,1239,2.0093300342559814,nan,19.749900817871094,nan,1127
2322.0,1320,2.433720111846924,nan,19.586549758911133,nan,1129
2458.0,1330,2.1674599647521973,nan,19.425010681152344,nan,1128
1863.0,1190,2.4032700061798096,nan,19.43008041381836,nan,1125
3429.0,1808,2.507009983062744,nan,19.37286949157715,nan,3161
2513.0,1676,2.4301700592041016,nan,19.17667007446289,nan,2474
2079.0,1239,2.401740074157715,nan,19.115800857543945,nan,1769
2322.0,1317,2.175450086593628,nan,18.36302947998047,nan,1138
4505.0,2528,2.3653900623321533,nan,19.111980438232422,nan,3161
2333.0,1143,2.2765400409698486,nan,18.978670120239258,nan,2024
3366.0,1841,2.1476900577545166,nan,18.236059188842773,nan,1273
4746.0,2177,2.3638100624084473,nan,18.069520950317383,nan,3161
1467.0,727,1.870300054550171,nan,18.76590919494629,nan,695
1808.0,1015,1.925529956817627,nan,18.947559356689453,nan,1416
1598.0,813,2.339289903640747,nan,19.056690216064453,nan,1512
1664.0,741,2.7173399925231934,nan,19.54262924194336,nan,1433
2323.0,1271,2.492579936981201,nan,20.116119384765625,nan,1129
1097.0,469,2.7517900466918945,nan,20.435319900512695,nan,679
1892.0,956,2.565190076828003,nan,20.538089752197266,nan,1130
2307.0,1077,2.817270040512085,nan,20.40007972717285,nan,1127
1768.0,781,2.419610023498535,nan,20.925859451293945,nan,1524
3059.0,1411,2.66483998298645,nan,20.85247039794922,nan,1954
2702.0,1225,2.3817100524902344,nan,20.325340270996094,nan,2472
1987.0,944,2.5982699394226074,nan,20.230670928955078,nan,1959
2258.0,1225,2.2726199626922607,nan,20.239980697631836,nan,1527
3145.0,1478,2.451809883117676,nan,20.034320831298828,nan,1961
3159.0,1604,2.2236099243164062,nan,20.175260543823242,nan,1980
2546.0,1158,2.268939971923828,nan,21.243589401245117,nan,2476
1666.0,806,2.2010600566864014,nan,21.470430374145508,nan,1439
3855.0,2087,2.26203989982605,nan,21.351070404052734,nan,3161
1678.0,811,2.429419994354248,nan,21.325109481811523,nan,1439
2446.0,1301,2.5203700065612793,nan,20.884859085083008,nan,1434
1884.0,861,2.2518999576568604,nan,21.40601921081543,nan,1796
1628.0,813,2.0820701122283936,nan,21.342079162597656,nan,1244
5323.0,2847,2.3611299991607666,nan,21.139820098876953,nan,3161
1831.0,867,2.232189893722534,nan,20.89366912841797,nan,1434
2096.0,1207,2.405240058898926,nan,20.62837028503418,nan,1130
1595.0,850,2.306920051574707,nan,20.536619186401367,nan,1512
1520.0,794,2.4375898838043213,nan,20.43691062927246,nan,1130
2433.0,1565,2.3987700939178467,nan,20.096120834350586,nan,1433
1824.0,991,2.4763801097869873,nan,19.6156005859375,nan,1433
1693.0,749,1.9170399904251099,nan,20.08138084411621,nan,1527
2315.0,1249,2.4355599880218506,nan,19.951520919799805,nan,1128
2424.0,1293,2.675309896469116,nan,19.72538948059082,nan,1231
1793.0,948,2.833669900894165,nan,19.287410736083984,nan,1413
2342.0,1000,2.477829933166504,nan,19.236900329589844,nan,1131
1657.0,791,2.187069892883301,nan,19.662540435791016,nan,1434
1833.0,895,2.3595399856567383,nan,19.827659606933594,nan,1674
1659.0,712,2.5494399070739746,nan,19.75204086303711,nan,1435
2320.0,1324,2.8571999073028564,nan,19.779319763183594,nan,1129
738.0,333,2.4197299480438232,nan,19.938859939575195,nan,315
1911.0,1163,2.817689895629883,nan,20.149169921875,nan,1130
2443.0,1233,2.7147200107574463,nan,19.64674949645996,nan,1242
2605.0,1415,2.665369987487793,nan,19.329669952392578,nan,1414
2187.0,900,2.3132998943328857,nan,20.086830139160156,nan,2020
1698.0,755,2.4979500770568848,nan,20.135360717773438,nan,1524
2009.0,924,2.718369960784912,nan,20.179319381713867,nan,1962
1858.0,1029,2.9078500270843506,nan,19.950469970703125,nan,1795
1530.0,781,2.555690050125122,nan,20.017850875854492,nan,1127
4837.0,2190,2.5206398963928223,nan,19.979799270629883,nan,3161
2973.0,1497,2.3760600090026855,nan,19.88719940185547,nan,1424
1497.0,916,1.8226100206375122,nan,20.480960845947266,nan,1439
1801.0,992,1.9893499612808228,nan,20.786020278930664,nan,1424
1994.0,1143,2.427150011062622,nan,20.625089645385742,nan,1242
5823.0,2976,2.321899890899658,nan,20.033199310302734,nan,3161
2347.0,1252,2.278409957885742,nan,20.397409439086914,nan,1150
2079.0,1046,2.3429501056671143,nan,20.540889739990234,nan,1439
3820.0,1648,2.4293200969696045,nan,20.226839065551758,nan,2761
2802.0,1183,2.160640001296997,nan,20.255929946899414,nan,1674
2892.0,1550,2.3352599143981934,nan,20.24806022644043,nan,2763
2348.0,1169,2.068510055541992,nan,20.77086067199707,nan,1153
2203.0,990,2.165560007095337,nan,20.848369598388672,nan,1433
1506.0,745,2.190419912338257,nan,20.674909591674805,nan,1439
2057.0,991,2.2838499546051025,nan,20.7314395904541,nan,1675
3433.0,1906,2.1989800930023193,nan,20.811840057373047,nan,1435
2464.0,1452,2.3470499515533447,nan,20.162229537963867,nan,1439
1829.0,1041,2.269320011138916,nan,19.93807029724121,nan,1786
1665.0,835,2.2333600521087646,nan,19.896209716796875,nan,1268
3006.0,1568,2.3121800422668457,nan,19.149269104003906,nan,1441
2032.0,1178,2.312000036239624,nan,18.713470458984375,nan,1127
3506.0,1515,2.3998000621795654,nan,18.359670639038086,nan,2758
1645.0,719,2.124840021133423,nan,18.527629852294922,nan,1243
2445.0,1229,2.4698400497436523,nan,18.514440536499023,nan,1247
3537.0,1703,2.506580114364624,nan,18.969770431518555,nan,1435
1584.0,809,2.5768399238586426,nan,19.039230346679688,nan,801
1802.0,911,2.7122600078582764,nan,19.227800369262695,nan,1415
1492.0,715,2.3959100246429443,nan,19.503360748291016,nan,1438
3138.0,1722,2.492949962615967,nan,19.716630935668945,nan,1151
3329.0,1563,2.302759885787964,nan,20.000120162963867,nan,1955
3190.0,1368,2.712830066680908,nan,20.009679794311523,nan,1787
3446.0,1702,2.160360097885132,nan,20.176719665527344,nan,3161
3344.0,1458,1.9661699533462524,nan,20.164949417114258,nan,2767
1630.0,815,2.381010055541992,nan,20.79046058654785,nan,1516
5002.0,2512,1.9638500213623047,nan,21.38018035888672,nan,3161
1910.0,851,1.7113800048828125,nan,21.592439651489258,nan,1128
1749.0,723,2.0201098918914795,nan,21.56488037109375,nan,1676
1524.0,779,2.0701301097869873,nan,21.77420997619629,nan,1439
1898.0,988,2.254729986190796,nan,21.729639053344727,nan,1129
3110.0,1569,2.206130027770996,nan,21.781740188598633,nan,1522
1680.0,833,2.3017899990081787,nan,21.800840377807617,nan,1439
3069.0,1686,2.5286600589752197,nan,21.688859939575195,nan,1529
1456.0,709,1.9097199440002441,nan,21.54054069519043,nan,1417
2204.0,869,2.6357998847961426,nan,21.4271297454834,nan,1953
2253.0,1024,2.1574599742889404,nan,21.44338035583496,nan,1130
2392.0,1136,2.844130039215088,nan,21.193899154663086,nan,1785
2112.0,1165,2.1629700660705566,nan,21.221229553222656,nan,1798
2153.0,929,2.4986400604248047,nan,21.27342987060547,nan,2018
2729.0,1317,2.389050006866455,nan,21.515079498291016,nan,1673
2877.0,1513,2.3824100494384766,nan,21.82809066772461,nan,2472
1598.0,701,2.0702099800109863,nan,21.81148910522461,nan,1541
1980.0,1147,2.2492899894714355,nan,21.70914077758789,nan,1674
3121.0,1455,2.7692298889160156,nan,21.41073989868164,nan,1954
2322.0,1201,2.1220500469207764,nan,21.431949615478516,nan,1129
2461.0,1125,2.3616199493408203,nan,21.121620178222656,nan,1781
1883.0,989,2.4085099697113037,nan,21.413890838623047,nan,1127
3171.0,1458,2.3161399364471436,nan,21.098159790039062,nan,1798
2649.0,1239,1.906559944152832,nan,21.253679275512695,nan,1959
2052.0,977,1.953410029411316,nan,21.43954086303711,nan,1790
1694.0,709,2.076119899749756,nan,21.595609664916992,nan,1526
2030.0,1069,2.247920036315918,nan,21.774709701538086,nan,1959
2020.0,930,2.3437600135803223,nan,21.788719177246094,nan,1957
2194.0,993,2.201859951019287,nan,21.791000366210938,nan,1964
1918.0,868,2.272900104522705,nan,21.89310073852539,nan,1129
2213.0,1155,2.22091007232666,nan,21.972200393676758,nan,1675
1528.0,891,2.2224600315093994,nan,22.228979110717773,nan,1127
2727.0,1414,2.3645200729370117,nan,22.28104019165039,nan,1130
1827.0,953,2.7328200340270996,nan,21.788249969482422,nan,1784
2322.0,1316,2.336019992828369,nan,21.65369987487793,nan,1129
1959.0,847,2.2526700496673584,nan,21.40073013305664,nan,1798
1534.0,613,2.8593900203704834,nan,21.354360580444336,nan,1439
2631.0,1483,2.4126501083374023,nan,21.204919815063477,nan,2471
1915.0,911,2.2751901149749756,nan,20.966489791870117,nan,1676
2314.0,1187,2.738460063934326,nan,20.87841033935547,nan,1131
1882.0,919,2.541640043258667,nan,21.048049926757812,nan,1673
1510.0,837,2.4994499683380127,nan,20.84848976135254,nan,1439
3448.0,2096,2.2813899517059326,nan,20.87409019470215,nan,3161
3040.0,1838,2.289030075073242,nan,20.771379470825195,nan,2471
2983.0,1349,2.233259916305542,nan,20.343900680541992,nan,1956
4370.0,2117,2.1923000812530518,nan,20.170379638671875,nan,3161
5380.0,11190,2.01557993888855,nan,17.3264102935791,nan,3161
2460.0,1582,1.0256600379943848,nan,8.966259956359863,nan,1439
2040.0,879,1.443560004234314,nan,7.89300012588501,nan,1439
741.0,319,1.6591700315475464,nan,7.887790203094482,nan,315
736.0,325,2.012660026550293,nan,7.561460018157959,nan,315
741.0,319,2.32315993309021,nan,7.826550006866455,nan,315
2305.0,3982,2.433190107345581,nan,8.165010452270508,nan,1245
2605.0,1274,2.783139944076538,nan,9.18062973022461,nan,2472
3985.0,1628,2.780440092086792,nan,11.848210334777832,nan,1955
5225.0,5617,2.3169798851013184,nan,15.07211971282959,nan,3161
1083.0,633,2.4787800312042236,nan,15.46930980682373,nan,704
1909.0,1133,2.3182899951934814,nan,15.654820442199707,nan,1155
714.0,429,2.7746899127960205,nan,15.819540023803711,nan,314
708.0,421,2.021980047225952,nan,15.882869720458984,nan,310
1406.0,1431,2.109869956970215,nan,15.800209999084473,nan,696
2081.0,1525,2.2504000663757324,nan,15.543319702148438,nan,1227
2121.0,1573,1.7934900522232056,nan,15.532059669494629,nan,1409
2679.0,2167,1.8768600225448608,nan,15.374839782714844,nan,1138
1606.0,1031,1.5697300434112549,nan,15.564339637756348,nan,1527
3765.0,1613,1.7633099555969238,nan,15.90369987487793,nan,1544
2211.0,933,1.753559947013855,nan,16.585880279541016,nan,1802
2203.0,974,1.4604899883270264,nan,17.32122039794922,nan,1798
2445.0,1113,1.8038100004196167,nan,18.301219940185547,nan,2020
2613.0,1242,1.829319953918457,nan,19.039859771728516,nan,1415
2103.0,961,1.8335000276565552,nan,19.47100067138672,nan,1788
4391.0,2196,2.2694599628448486,nan,19.82986068725586,nan,3161
3484.0,1873,2.1903200149536133,nan,20.512760162353516,nan,1502
2967.0,1523,2.2688798904418945,nan,20.847890853881836,nan,1941
1756.0,747,1.9522700309753418,nan,21.07625961303711,nan,1662
2027.0,859,2.0327200889587402,nan,21.297279357910156,nan,1786
2723.0,1275,2.253000020980835,nan,21.356489181518555,nan,1527
3556.0,1766,2.133769989013672,nan,21.591930389404297,nan,2476
3034.0,1419,2.0034799575805664,nan,21.641979217529297,nan,2756
3357.0,1674,2.1679799556732178,nan,21.74622917175293,nan,3161
2283.0,959,2.624929904937744,nan,21.675039291381836,nan,1526
2322.0,1195,2.056410074234009,nan,21.732009887695312,nan,1128
1660.0,825,2.2879700660705566,nan,21.783489227294922,nan,1434
1940.0,855,2.1283600330352783,nan,21.8441104888916,nan,1128
1456.0,693,2.217289924621582,nan,21.788089752197266,nan,683
2716.0,1187,2.2076098918914795,nan,21.790159225463867,nan,1129
2519.0,1453,2.3320200443267822,nan,21.84033966064453,nan,1792
2123.0,912,2.5749800205230713,nan,22.098100662231445,nan,1516
2983.0,1330,2.3556299209594727,nan,21.99496078491211,nan,1414
2815.0,1232,2.2551000118255615,nan,22.09716033935547,nan,1242
2183.0,971,2.5721700191497803,nan,22.16301918029785,nan,2018
3566.0,1649,2.4489998817443848,nan,22.282270431518555,nan,2473
4163.0,2138,2.021699905395508,nan,22.17967987060547,nan,3161
1117.0,573,2.3352599143981934,nan,22.076759338378906,nan,709
2356.0,1023,2.1600100994110107,nan,22.25518035888672,nan,1674
2703.0,1209,2.421649932861328,nan,22.43886947631836,nan,2473
2954.0,1377,2.262769937515259,nan,22.45854949951172,nan,1959
1823.0,966,2.0955300331115723,nan,22.240949630737305,nan,1799
2208.0,1301,2.218980073928833,nan,22.11029052734375,nan,2024
2618.0,1200,2.2817599773406982,nan,21.910259246826172,nan,1435
1897.0,816,2.12076997756958,nan,21.907949447631836,nan,1131
2468.0,1093,2.393630027770996,nan,21.96388053894043,nan,1439
2105.0,1059,2.360450029373169,nan,22.132259368896484,nan,1128
2256.0,1305,2.9065101146698,nan,21.846120834350586,nan,1527
2323.0,1072,2.373189926147461,nan,21.67160987854004,nan,1131
4989.0,3374,2.3945600986480713,nan,21.76766014099121,nan,3161
4507.0,2099,2.323930025100708,nan,21.53972053527832,nan,2474
5129.0,2457,2.2452499866485596,nan,20.84132957458496,nan,3161
1910.0,852,2.0069100856781006,nan,20.367080688476562,nan,1126
1828.0,855,2.0661299228668213,nan,20.158830642700195,nan,1787
1940.0,940,1.7505199909210205,nan,20.215299606323242,nan,1796
2280.0,1125,2.0282399654388428,nan,20.189929962158203,nan,1673
2521.0,1809,2.2314600944519043,nan,20.382080078125,nan,1192
5013.0,2571,2.185849905014038,nan,20.682289123535156,nan,3161
3163.0,1843,2.251970052719116,nan,20.71245002746582,nan,1980
2167.0,1278,2.2452499866485596,nan,20.390819549560547,nan,1413
3059.0,1434,2.3165900707244873,nan,20.112449645996094,nan,1791
2436.0,1361,2.6379799842834473,nan,20.00048065185547,nan,1245
3055.0,1470,2.3437600135803223,nan,19.879409790039062,nan,2761
3990.0,1859,2.2400400638580322,nan,19.8981990814209,nan,3161
2252.0,1009,2.2587599754333496,nan,19.894039154052734,nan,1130
1905.0,1167,2.293020009994507,nan,19.909040451049805,nan,1122
2061.0,1031,2.5425899028778076,nan,19.839170455932617,nan,1680
1850.0,825,2.362649917602539,nan,20.09440040588379,nan,1526
3161.0,1649,2.337660074234009,nan,20.369260787963867,nan,2762
3126.0,1577,2.1991000175476074,nan,20.631189346313477,nan,1961
1537.0,701,2.0291199684143066,nan,20.609819412231445,nan,1129
1520.0,762,2.51282000541687,nan,20.605680465698242,nan,1126
740.0,319,2.583699941635132,nan,20.632600784301758,nan,315
1597.0,881,2.444040060043335,nan,20.71133041381836,nan,1519
3153.0,1431,2.7063100337982178,nan,20.70871925354004,nan,1150
1769.0,777,2.4413199424743652,nan,20.958589553833008,nan,1524
2767.0,1351,2.579859972000122,nan,20.9130802154541,nan,2471
2004.0,887,2.8553500175476074,nan,21.016399383544922,nan,1246
3616.0,1893,2.704859972000122,nan,21.164180755615234,nan,1408
1088.0,629,2.5806000232696533,nan,21.34033966064453,nan,710
2292.0,1111,2.3825199604034424,nan,21.245420455932617,nan,1543
4044.0,2034,2.501879930496216,nan,21.67717933654785,nan,3161
3563.0,1707,2.335510015487671,nan,21.75918960571289,nan,2026
2692.0,1210,2.2434699535369873,nan,21.81378936767578,nan,1129
1666.0,869,2.548110008239746,nan,21.666189193725586,nan,1431
1502.0,796,2.2687599658966064,nan,21.472230911254883,nan,1439
1904.0,959,2.2370998859405518,nan,21.47796058654785,nan,1669
1844.0,1011,2.315200090408325,nan,21.38728904724121,nan,1782
1876.0,1006,2.191279888153076,nan,21.32642936706543,nan,1680
1505.0,1028,2.4093499183654785,nan,21.272319793701172,nan,1125
706.0,473,2.7594399452209473,nan,21.110370635986328,nan,315
1509.0,995,2.2804300785064697,nan,21.17123031616211,nan,722
4979.0,3429,2.495419979095459,nan,20.64525032043457,nan,3161
1819.0,935,2.241230010986328,nan,19.947559356689453,nan,1787
1599.0,698,2.6395599842071533,nan,19.48464012145996,nan,1522
2022.0,842,2.3881800174713135,nan,19.38389015197754,nan,1128
3019.0,1358,2.393320083618164,nan,19.334949493408203,nan,2021
2931.0,1266,2.479480028152466,nan,19.441160202026367,nan,1812
4201.0,2443,2.2299299240112305,nan,19.662609100341797,nan,3161
1542.0,947,2.4363300800323486,nan,19.655590057373047,nan,1253
1447.0,771,2.386579990386963,nan,19.890100479125977,nan,681
1998.0,1156,2.347909927368164,nan,20.078420639038086,nan,1953
1625.0,691,2.5030999183654785,nan,19.998750686645508,nan,1529
1886.0,786,2.676539897918701,nan,20.05950927734375,nan,1799
2337.0,1024,2.360229969024658,nan,20.192930221557617,nan,1130
1532.0,752,2.4097800254821777,nan,20.24427032470703,nan,1128
1902.0,994,2.3717598915100098,nan,20.45878028869629,nan,1150
2480.0,1166,2.805919885635376,nan,20.485109329223633,nan,1439
3103.0,1764,2.4930999279022217,nan,20.588159561157227,nan,1523
4832.0,2443,2.534029960632324,nan,21.11639976501465,nan,3161
3693.0,2131,2.4725699424743652,nan,21.195030212402344,nan,2753
1914.0,836,2.3631300926208496,nan,21.17807960510254,nan,1150
2500.0,1056,1.9601099491119385,nan,21.037399291992188,nan,2471
2018.0,1125,2.1372199058532715,nan,21.044830322265625,nan,1127
5724.0,2830,2.168100118637085,nan,21.059799194335938,nan,3161
2666.0,1153,2.165679931640625,nan,21.01297950744629,nan,1525
3086.0,1518,2.0051798820495605,nan,21.14975929260254,nan,2472
1501.0,648,1.8367300033569336,nan,21.362329483032227,nan,1439
2005.0,1071,1.8403400182724,nan,21.381200790405273,nan,1128
2277.0,1083,2.2596499919891357,nan,21.293519973754883,nan,1943
2615.0,1191,1.9427200555801392,nan,21.398170471191406,nan,1787
1576.0,697,1.9576200246810913,nan,21.5393009185791,nan,1527
1827.0,874,2.1802101135253906,nan,21.56355094909668,nan,1674
2579.0,1213,2.1180200576782227,nan,21.535539627075195,nan,1786
3425.0,1646,2.362839937210083,nan,21.738040924072266,nan,1433
2276.0,1086,2.565119981765747,nan,21.81549072265625,nan,1136
2321.0,1138,2.3585400581359863,nan,21.77695083618164,nan,1127
2817.0,1304,2.056950092315674,nan,21.70265007019043,nan,1246
1758.0,952,2.3900299072265625,nan,21.643400192260742,nan,1677
5914.0,3364,2.481750011444092,nan,21.7591495513916,nan,3161
1516.0,664,2.3873798847198486,nan,21.316160202026367,nan,1440
2531.0,1261,2.6118199825286865,nan,21.215660095214844,nan,1524
1523.0,696,2.1413400173187256,nan,21.07508087158203,nan,1129
4391.0,1955,2.3579299449920654,nan,21.17704963684082,nan,3161
4901.0,2387,2.2332000732421875,nan,21.36897087097168,nan,3161
1686.0,756,2.182389974594116,nan,21.369890213012695,nan,1541
2035.0,1013,2.2332398891448975,nan,21.247350692749023,nan,1674
1833.0,940,2.1235499382019043,nan,21.29431915283203,nan,1781
2615.0,1278,1.9783799648284912,nan,21.586889266967773,nan,2019
2482.0,1104,1.8084800243377686,nan,21.72658920288086,nan,1439
1882.0,1159,2.133510112762451,nan,21.617450714111328,nan,1131
2020.0,1069,2.277240037918091,nan,21.628799438476562,nan,1792
1614.0,849,2.0404300689697266,nan,21.562000274658203,nan,1412
1881.0,853,2.2139298915863037,nan,21.779390335083008,nan,1793
1934.0,955,2.290519952774048,nan,21.802919387817383,nan,1127
3445.0,1611,2.117000102996826,nan,21.59585952758789,nan,3161
3017.0,1402,2.327500104904175,nan,21.470230102539062,nan,2021
1611.0,729,2.0804100036621094,nan,21.557920455932617,nan,1524
1547.0,763,2.349410057067871,nan,21.5297908782959,nan,1155
3846.0,1835,2.4047000408172607,nan,21.554540634155273,nan,3161
2464.0,1105,2.1699399948120117,nan,21.885019302368164,nan,1243
1888.0,787,2.676529884338379,nan,21.839500427246094,nan,1800
1651.0,893,2.400899887084961,nan,21.900909423828125,nan,1522
2334.0,1050,2.576319932937622,nan,21.910179138183594,nan,1129
2038.0,1082,2.1827399730682373,nan,21.940929412841797,nan,1129
1535.0,753,2.1764400005340576,nan,21.790029525756836,nan,1128
1132.0,567,2.057039976119995,nan,21.857799530029297,nan,722
2013.0,1022,2.4256699085235596,nan,21.849599838256836,nan,1439
4472.0,2072,2.410860061645508,nan,21.89109992980957,nan,3161
2327.0,1203,2.552190065383911,nan,22.114459991455078,nan,1129
3313.0,1890,2.38782000541687,nan,21.826780319213867,nan,1783
1692.0,758,2.2390100955963135,nan,21.60909080505371,nan,1526
2738.0,1147,2.3460099697113037,nan,21.506940841674805,nan,1960
1668.0,807,2.708940029144287,nan,21.32563018798828,nan,1442
2260.0,1158,2.183379888534546,nan,21.161279678344727,nan,1131
1668.0,776,2.186110019683838,nan,21.060569763183594,nan,1442
2187.0,951,2.239459991455078,nan,21.10379981994629,nan,2019
1509.0,913,2.034759998321533,nan,21.076459884643555,nan,1125
2004.0,983,2.3903000354766846,nan,20.979450225830078,nan,1946
2023.0,1067,2.242180109024048,nan,20.92572021484375,nan,1790
4581.0,2334,2.3824799060821533,nan,20.944820404052734,nan,3161
1607.0,908,2.1903200149536133,nan,21.05854034423828,nan,1415
2220.0,969,2.3381199836730957,nan,21.048009872436523,nan,2021
1780.0,801,2.173140048980713,nan,21.03506088256836,nan,1544
2847.0,1584,2.4377200603485107,nan,20.99563980102539,nan,2470
3504.0,1520,2.3361001014709473,nan,21.087779998779297,nan,1954
2004.0,882,2.3149499893188477,nan,21.278820037841797,nan,1958
5090.0,3113,2.218400001525879,nan,21.54262924194336,nan,3161
1113.0,491,2.402549982070923,nan,21.472829818725586,nan,695
3076.0,1333,2.1799700260162354,nan,21.42922019958496,nan,1525
4342.0,2425,2.43572998046875,nan,21.404010772705078,nan,3161
2900.0,1484,2.234879970550537,nan,21.36693000793457,nan,1129
2443.0,1095,2.3706300258636475,nan,21.093069076538086,nan,1241
1765.0,836,1.892449975013733,nan,21.131540298461914,nan,1673
2742.0,1198,2.481839895248413,nan,20.95646095275879,nan,1433
1532.0,815,2.2947299480438232,nan,20.96600914001465,nan,1129
3900.0,1957,2.2564499378204346,nan,21.104900360107422,nan,3161
2636.0,1381,2.3252201080322266,nan,21.239269256591797,nan,1527
1504.0,860,2.2657999992370605,nan,21.20206069946289,nan,1439
2625.0,1170,2.6954801082611084,nan,21.189870834350586,nan,1431
1670.0,720,2.7333099842071533,nan,21.267959594726562,nan,1526
1633.0,759,2.171190023422241,nan,21.216970443725586,nan,1246
2453.0,1041,2.4692599773406982,nan,21.292320251464844,nan,2019
1899.0,854,2.3142499923706055,nan,21.47015953063965,nan,1128
1550.0,696,2.668869972229004,nan,21.619600296020508,nan,1512
1080.0,485,2.1147100925445557,nan,21.749019622802734,nan,679
1771.0,746,2.606800079345703,nan,21.725210189819336,nan,1678
2323.0,1027,2.566649913787842,nan,21.943809509277344,nan,1129
2309.0,1319,2.378469944000244,nan,22.002260208129883,nan,1129
2520.0,1186,2.7007100582122803,nan,22.178190231323242,nan,2474
3843.0,1781,2.4281599521636963,nan,22.399179458618164,nan,3161
3451.0,1586,2.421720027923584,nan,22.425899505615234,nan,3161
2593.0,1404,2.4528799057006836,nan,22.43351936340332,nan,1408
2438.0,1194,2.433000087738037,nan,22.44710922241211,nan,1439
2360.0,1061,2.350519895553589,nan,22.173099517822266,nan,1799
2232.0,859,1.966439962387085,nan,22.172380447387695,nan,1793
2368.0,1303,2.175410032272339,nan,22.296239852905273,nan,1791
1518.0,703,1.9709800481796265,nan,22.247940063476562,nan,1439
1662.0,947,2.202199935913086,nan,22.30320930480957,nan,1600
3588.0,2013,2.363640069961548,nan,22.0982608795166,nan,2471
1566.0,693,1.9813799858093262,nan,22.046630859375,nan,1517
1994.0,877,2.604029893875122,nan,22.0810604095459,nan,1243
1628.0,745,2.5608699321746826,nan,22.09547996520996,nan,1241
1723.0,939,2.314419984817505,nan,22.113880157470703,nan,1677
5242.0,2702,2.4847800731658936,nan,22.019699096679688,nan,3161
5535.0,2733,2.2096400260925293,nan,21.575319290161133,nan,3161
1078.0,503,1.9688899517059326,nan,21.28558921813965,nan,679
1524.0,773,2.0879299640655518,nan,21.126359939575195,nan,1130
2342.0,1245,2.3960800170898438,nan,21.025779724121094,nan,1959
2658.0,1378,2.1427500247955322,nan,20.992229461669922,nan,1526
2004.0,900,2.1854898929595947,nan,20.82147979736328,nan,1954
1724.0,760,2.206899881362915,nan,20.917760848999023,nan,1527
1971.0,916,2.494770050048828,nan,21.050390243530273,nan,1799
1985.0,961,2.4827499389648438,nan,21.23716926574707,nan,1960
1748.0,833,2.225100040435791,nan,21.188739776611328,nan,1512
3420.0,1896,2.3976500034332275,nan,21.248380661010742,nan,3161
2823.0,1201,2.4293100833892822,nan,21.033979415893555,nan,1242
1587.0,775,2.8644800186157227,nan,21.14946937561035,nan,1517
2108.0,1013,2.481689929962158,nan,21.037710189819336,nan,1527
1986.0,1178,2.1763598918914795,nan,21.227359771728516,nan,1948
2543.0,1490,2.4395899772644043,nan,21.17486000061035,nan,1519
1510.0,771,2.2537600994110107,nan,21.204639434814453,nan,1439
2630.0,1230,2.596280097961426,nan,21.148319244384766,nan,1434
2004.0,949,2.1843700408935547,nan,20.94424057006836,nan,1245
2107.0,1202,2.3147799968719482,nan,21.030569076538086,nan,1519
738.0,333,3.0065300464630127,nan,20.976350784301758,nan,315
1895.0,869,2.6790499687194824,nan,20.75704002380371,nan,1130
2129.0,1111,2.9447600841522217,nan,20.756549835205078,nan,1795
1511.0,706,2.3110198974609375,nan,20.59355926513672,nan,1439
5590.0,2744,2.625880002975464,nan,21.103069305419922,nan,3161
1997.0,921,2.3378500938415527,nan,21.431909561157227,nan,1965
3452.0,1590,2.3152499198913574,nan,21.521629333496094,nan,3161
3679.0,1709,2.3384199142456055,nan,21.399080276489258,nan,3161
2606.0,1160,2.126889944076538,nan,21.233200073242188,nan,2471
2017.0,908,2.4028000831604004,nan,21.148799896240234,nan,1801
1596.0,894,1.9618899822235107,nan,21.166790008544922,nan,1512
2482.0,1304,1.8147599697113037,nan,21.05320930480957,nan,1272
2051.0,925,2.0647099018096924,nan,20.983020782470703,nan,2026
1680.0,795,2.045219898223877,nan,21.197460174560547,nan,1439
2298.0,1131,2.6798999309539795,nan,21.136240005493164,nan,2025
4563.0,2194,2.2795801162719727,nan,21.357860565185547,nan,3161
1638.0,759,2.4598500728607178,nan,21.36672019958496,nan,1245
2698.0,1257,2.1603899002075195,nan,21.53223991394043,nan,1955
2202.0,963,2.2423899173736572,nan,21.73978042602539,nan,1964
3208.0,1478,2.35794997215271,nan,21.787200927734375,nan,2025
1739.0,828,2.483409881591797,nan,21.79884910583496,nan,1674
3556.0,1576,2.00504994392395,nan,21.807390213012695,nan,2472
2416.0,1450,2.222520112991333,nan,21.598739624023438,nan,1243
2443.0,1096,2.33735990524292,nan,21.464479446411133,nan,1240
1668.0,1025,2.661129951477051,nan,21.393199920654297,nan,1439
3536.0,1630,2.0866200923919678,nan,21.59634017944336,nan,1543
1540.0,749,1.9055500030517578,nan,21.71735954284668,nan,1503
2306.0,1460,2.5476999282836914,nan,21.7420597076416,nan,1129
1798.0,1094,2.3525900840759277,nan,21.463899612426758,nan,1759
3464.0,1981,2.4293999671936035,nan,21.058120727539062,nan,3161
2026.0,935,2.060029983520508,nan,20.7574405670166,nan,1262
2276.0,1043,2.2427399158477783,nan,20.752059936523438,nan,1530
3658.0,1547,2.3528499603271484,nan,20.562620162963867,nan,2476
2344.0,1140,2.110229969024658,nan,20.633150100708008,nan,1150
1932.0,1023,1.926669955253601,nan,20.918930053710938,nan,1129
3263.0,1588,2.3272500038146973,nan,20.959989547729492,nan,2471
1920.0,1039,2.3782799243927,nan,21.07308006286621,nan,1783
1873.0,887,2.2061400413513184,nan,21.093120574951172,nan,1792
2602.0,1405,2.5202999114990234,nan,21.211360931396484,nan,2019
2962.0,1591,2.1914899349212646,nan,21.153270721435547,nan,1787
3356.0,2042,2.486340045928955,nan,20.889429092407227,nan,3161
1928.0,1043,2.061539888381958,nan,20.7014102935791,nan,1791
1916.0,849,2.1585299968719482,nan,20.532970428466797,nan,1128
1538.0,728,2.942039966583252,nan,20.42391014099121,nan,1136
3065.0,1378,2.1489100456237793,nan,20.46307945251465,nan,1795
2637.0,1291,2.1810600757598877,nan,20.357040405273438,nan,1435
2189.0,987,2.140549898147583,nan,20.544960021972656,nan,1789
1529.0,696,2.3070600032806396,nan,20.682159423828125,nan,1439
2035.0,1030,2.3238699436187744,nan,20.790239334106445,nan,1128
2525.0,1081,2.286639928817749,nan,21.011240005493164,nan,1955
4381.0,2088,2.211060047149658,nan,21.642980575561523,nan,3161
3988.0,2119,2.291379928588867,nan,21.64065933227539,nan,2469
2031.0,857,1.9196699857711792,nan,21.531320571899414,nan,1433
2342.0,983,2.0136399269104004,nan,21.848960876464844,nan,1130
3300.0,1430,2.0148699283599854,nan,21.92184066772461,nan,2757
2111.0,875,1.7294199466705322,nan,22.12557029724121,nan,1792
1575.0,786,2.0279901027679443,nan,22.04513931274414,nan,1512
1764.0,811,2.0099198818206787,nan,22.056350708007812,nan,1674
2721.0,1227,2.270750045776367,nan,22.130859375,nan,1524
2627.0,1231,2.544409990310669,nan,22.035940170288086,nan,1433
729.0,331,1.9067800045013428,nan,22.101320266723633,nan,315
738.0,323,2.0631000995635986,nan,22.147480010986328,nan,315
2849.0,1625,2.168139934539795,nan,22.074729919433594,nan,1675
3133.0,1877,2.6177799701690674,nan,21.692659378051758,nan,1150
2877.0,1562,2.3333899974823,nan,21.521089553833008,nan,1267
3150.0,1473,2.5915400981903076,nan,21.43670082092285,nan,1151
2472.0,1183,2.6326398849487305,nan,21.24169921875,nan,1439
3845.0,2078,2.646470069885254,nan,21.13064956665039,nan,3161
3568.0,1548,2.2813398838043213,nan,20.808549880981445,nan,2019
3782.0,1662,2.1278700828552246,nan,20.600080490112305,nan,1677
2185.0,1071,2.081540107727051,nan,20.593320846557617,nan,1796
1546.0,703,2.512860059738159,nan,20.518619537353516,nan,1155
1894.0,1112,2.473680019378662,nan,20.51007080078125,nan,1130
2624.0,1304,2.2427799701690674,nan,20.684980392456055,nan,1433
4649.0,2366,2.253920078277588,nan,20.726659774780273,nan,3161
1758.0,763,2.187700033187866,nan,20.948320388793945,nan,1674
2336.0,1191,2.331850051879883,nan,21.029420852661133,nan,1150
2720.0,1300,2.4728000164031982,nan,20.90241050720215,nan,1528
3010.0,1280,2.41798996925354,nan,20.950679779052734,nan,1417
2976.0,1315,2.0985898971557617,nan,20.94120979309082,nan,1940
4816.0,2292,2.0181500911712646,nan,21.510610580444336,nan,3161
1582.0,878,2.2885398864746094,nan,21.77471923828125,nan,1525
1897.0,1023,2.2096400260925293,nan,21.84556007385254,nan,1126
741.0,319,2.4340100288391113,nan,21.77153968811035,nan,315
2464.0,1449,2.1547799110412598,nan,21.71600914001465,nan,1439
1479.0,795,2.4592199325561523,nan,21.65376091003418,nan,1431
3216.0,1432,2.1577200889587402,nan,21.792829513549805,nan,1665
4031.0,1765,2.2472798824310303,nan,21.679109573364258,nan,2473
1885.0,1036,2.0416500568389893,nan,21.713680267333984,nan,1125
2329.0,1325,2.328000068664551,nan,21.531980514526367,nan,1522
2666.0,1181,2.2139499187469482,nan,21.336240768432617,nan,1544
2646.0,1308,2.613800048828125,nan,21.33802032470703,nan,1525
2323.0,967,2.0173399448394775,nan,21.29050064086914,nan,2023
1831.0,885,2.027909994125366,nan,21.266660690307617,nan,1792
2141.0,1085,2.1586499214172363,nan,21.397640228271484,nan,1521
1921.0,907,2.5622498989105225,nan,21.42337989807129,nan,1541
1907.0,925,2.12568998336792,nan,21.537960052490234,nan,1668
2746.0,1154,2.4676098823547363,nan,21.445560455322266,nan,1432
1875.0,1065,2.3210699558258057,nan,21.366790771484375,nan,1125
736.0,323,2.2685599327087402,nan,21.28367042541504,nan,315
738.0,333,2.0735199451446533,nan,21.334430694580078,nan,315
2035.0,939,2.5236399173736572,nan,21.34942054748535,nan,1958
1826.0,924,2.8562800884246826,nan,21.268800735473633,nan,1799
2871.0,1242,2.4388298988342285,nan,21.50271987915039,nan,2758
2265.0,1326,2.4494800567626953,nan,21.50153923034668,nan,1129
1803.0,932,2.5294198989868164,nan,21.513240814208984,nan,1421
1530.0,695,2.425679922103882,nan,21.772279739379883,nan,1439
1077.0,465,2.537060022354126,nan,21.731460571289062,nan,675
1593.0,1037,3.0594398975372314,nan,21.63011932373047,nan,811
2486.0,1366,2.397020101547241,nan,21.663799285888672,nan,1127
1521.0,684,2.627919912338257,nan,21.6453800201416,nan,1129
2000.0,969,2.5360300540924072,nan,21.52589988708496,nan,1245
3559.0,1717,2.5600900650024414,nan,21.495929718017578,nan,3161
2288.0,1105,2.676569938659668,nan,21.410049438476562,nan,1129
2185.0,866,2.5639500617980957,nan,21.320560455322266,nan,1954
1525.0,762,2.7022500038146973,nan,21.049240112304688,nan,1129
1739.0,834,2.569550037384033,nan,21.15386962890625,nan,1673
2704.0,1249,2.2581799030303955,nan,21.17159080505371,nan,1511
2062.0,1000,2.1574699878692627,nan,21.042470932006836,nan,2021
1499.0,790,2.2584800720214844,nan,21.04598045349121,nan,1133
3416.0,1935,2.393939971923828,nan,21.085180282592773,nan,1416
2561.0,1161,2.307339906692505,nan,20.887300491333008,nan,1245
4003.0,1789,2.5216500759124756,nan,21.032760620117188,nan,2467
3632.0,1797,2.3251800537109375,nan,21.22287940979004,nan,3161
1104.0,553,2.5246100425720215,nan,21.043720245361328,nan,691
3226.0,1896,1.9810600280761719,nan,21.21894073486328,nan,1248
1924.0,861,2.2266499996185303,nan,21.21479034423828,nan,1793
1987.0,950,2.175029993057251,nan,21.389780044555664,nan,1960
4647.0,2429,2.208019971847534,nan,21.61355972290039,nan,3161
4553.0,2392,2.010050058364868,nan,21.432979583740234,nan,3161
2317.0,1097,2.0183699131011963,nan,21.123960494995117,nan,1129
2035.0,863,1.9476100206375122,nan,21.109479904174805,nan,1279
1991.0,1019,2.0100998878479004,nan,21.17770004272461,nan,1790
1488.0,669,2.49360990524292,nan,21.008739471435547,nan,698
1659.0,761,2.7065799236297607,nan,21.13326072692871,nan,1525
736.0,323,2.008009910583496,nan,21.234729766845703,nan,315
1116.0,539,2.8890600204467773,nan,21.115360260009766,nan,701
2104.0,1088,2.7801599502563477,nan,21.251909255981445,nan,1128
2620.0,1458,2.6564700603485107,nan,21.327030181884766,nan,1433
2099.0,1192,2.4300599098205566,nan,21.362529754638672,nan,1128
2160.0,885,2.968329906463623,nan,21.24134063720703,nan,1957
3457.0,1501,2.608690023422241,nan,21.389020919799805,nan,3161
4129.0,1860,2.8045198917388916,nan,21.51725959777832,nan,2474
1884.0,1053,2.63565993309021,nan,21.676069259643555,nan,1130
2917.0,1247,2.462160110473633,nan,21.629369735717773,nan,2767
3700.0,1573,2.2479500770568848,nan,21.749019622802734,nan,3161
2592.0,1119,1.984410047531128,nan,21.764219284057617,nan,1417
3139.0,1769,1.843309998512268,nan,21.898300170898438,nan,1984
2312.0,1261,1.985859990119934,nan,21.948259353637695,nan,1130
2300.0,1295,2.3190500736236572,nan,21.935409545898438,nan,1129
2022.0,910,2.2735700607299805,nan,21.881839752197266,nan,1959
3421.0,1786,2.1687400341033936,nan,21.851659774780273,nan,1416
1651.0,759,2.655910015106201,nan,21.660320281982422,nan,1262
3121.0,1543,2.125770092010498,nan,21.456710815429688,nan,2020
2314.0,1220,2.074970006942749,nan,21.430679321289062,nan,1127
1896.0,1071,2.4539198875427246,nan,21.289289474487305,nan,1524
2716.0,1445,2.3647398948669434,nan,21.294260025024414,nan,1433
714.0,401,2.617379903793335,nan,21.37540054321289,nan,315
2418.0,1518,2.320549964904785,nan,21.166370391845703,nan,1236
2007.0,1119,2.434420108795166,nan,20.74349021911621,nan,1243
2332.0,1037,2.452820062637329,nan,20.562620162963867,nan,1128
689.0,381,1.9194799661636353,nan,20.57097053527832,nan,298
1813.0,792,2.4082400798797607,nan,20.44947052001953,nan,1794
1879.0,853,2.802030086517334,nan,20.418190002441406,nan,1124
2196.0,921,2.671020030975342,nan,20.461240768432617,nan,1958
2849.0,1147,2.2534499168395996,nan,20.858259201049805,nan,1678
2254.0,1044,2.6054399013519287,nan,21.036409378051758,nan,1977
2537.0,1203,2.8007900714874268,nan,21.17983055114746,nan,2469
2702.0,1269,2.587739944458008,nan,21.148319244384766,nan,1524
2027.0,1020,2.252779960632324,nan,21.33262062072754,nan,1797
1530.0,640,2.1529901027679443,nan,21.587390899658203,nan,1128
1872.0,831,2.395519971847534,nan,21.795230865478516,nan,1798
2197.0,1068,2.3710999488830566,nan,22.12775993347168,nan,1795
2267.0,1124,2.3493099212646484,nan,22.303279876708984,nan,2025
4282.0,1870,2.3986499309539795,nan,22.216100692749023,nan,2469
5113.0,2477,2.299190044403076,nan,22.470399856567383,nan,3161
1921.0,905,2.2527201175689697,nan,22.394149780273438,nan,1125
1532.0,666,2.388089895248413,nan,22.418960571289062,nan,1439
1226.0,703,2.3887100219726562,nan,22.491090774536133,nan,831
3992.0,2079,2.354919910430908,nan,22.192829132080078,nan,3161
3868.0,1746,2.0411899089813232,nan,21.951919555664062,nan,3161
2080.0,871,2.1323299407958984,nan,21.866619110107422,nan,1954
3449.0,1628,2.0273098945617676,nan,21.909719467163086,nan,3161
2530.0,1164,2.235599994659424,nan,21.8399600982666,nan,2476
5639.0,2916,1.946969985961914,nan,22.271270751953125,nan,3161
2799.0,1304,1.9512100219726562,nan,21.826950073242188,nan,1245
3207.0,1490,2.1399800777435303,nan,21.542890548706055,nan,2476
2436.0,999,2.4143900871276855,nan,21.328760147094727,nan,2022
2433.0,1139,2.075900077819824,nan,21.329660415649414,nan,1245
2382.0,1089,2.044640064239502,nan,21.287790298461914,nan,1959
2142.0,1036,2.315229892730713,nan,21.408079147338867,nan,1946
2342.0,1101,2.2251501083374023,nan,21.539840698242188,nan,1152
2149.0,1037,2.399970054626465,nan,21.627729415893555,nan,1951
2070.0,1045,2.519160032272339,nan,21.704919815063477,nan,1130
2034.0,1129,2.4077000617980957,nan,21.710329055786133,nan,1960
2304.0,1356,2.3210198879241943,nan,21.777889251708984,nan,1129
2984.0,1424,2.617110013961792,nan,21.65730094909668,nan,1800
2322.0,1338,2.6262800693511963,nan,21.435630798339844,nan,1131
727.0,373,2.4299700260162354,nan,21.493709564208984,nan,315
3206.0,1704,2.539060115814209,nan,21.40216064453125,nan,1529
1126.0,501,2.6207499504089355,nan,21.357269287109375,nan,722
5367.0,2717,2.5917301177978516,nan,21.315670013427734,nan,3161
3505.0,2173,2.381230115890503,nan,21.199739456176758,nan,1542
3395.0,1600,2.3096699714660645,nan,20.7979793548584,nan,2764
3657.0,1535,2.2809500694274902,nan,20.892419815063477,nan,2474
1532.0,693,2.2963900566101074,nan,20.944639205932617,nan,1126
1139.0,523,2.010890007019043,nan,21.10218048095703,nan,723
1732.0,737,2.16936993598938,nan,21.15682029724121,nan,1514
1861.0,1058,2.283139944076538,nan,21.268980026245117,nan,1131
2599.0,1202,2.4548799991607666,nan,21.119400024414062,nan,1413
3089.0,1664,2.3626999855041504,nan,21.34638023376465,nan,2474
1544.0,751,2.2778398990631104,nan,21.472259521484375,nan,1155
1879.0,923,2.2148098945617676,nan,21.627700805664062,nan,1129
2722.0,1099,2.254300117492676,nan,21.635520935058594,nan,1673
3917.0,1946,2.490999937057495,nan,21.656139373779297,nan,1944
3486.0,1556,2.7076001167297363,nan,21.61124038696289,nan,3161
2261.0,979,2.1787400245666504,nan,21.645349502563477,nan,1963
1786.0,829,2.1605300903320312,nan,21.71221923828125,nan,1661
1585.0,654,2.161400079727173,nan,22.00506019592285,nan,1523
3898.0,1861,2.2202000617980957,nan,22.155410766601562,nan,3161
1878.0,859,2.0050599575042725,nan,22.19860076904297,nan,1128
2029.0,885,2.0162899494171143,nan,22.261140823364258,nan,1795
2540.0,1236,2.3316099643707275,nan,22.276660919189453,nan,1525
2214.0,1038,2.140739917755127,nan,22.2166690826416,nan,1434
3656.0,1946,2.0488100051879883,nan,22.204700469970703,nan,3161
1644.0,747,2.8353400230407715,nan,22.203699111938477,nan,1242
2708.0,1481,2.292720079421997,nan,22.2814998626709,nan,1525
1871.0,1030,2.4667301177978516,nan,22.26934051513672,nan,1128
1832.0,868,2.0995800495147705,nan,22.346559524536133,nan,1785
2232.0,1197,2.2973101139068604,nan,22.181499481201172,nan,1439
4306.0,1908,2.337280035018921,nan,21.880529403686523,nan,3161
2031.0,955,2.4100699424743652,nan,21.880159378051758,nan,1799
2195.0,892,2.4455199241638184,nan,21.734630584716797,nan,1433
3504.0,1947,2.494110107421875,nan,21.4339599609375,nan,1530
1532.0,716,2.1583399772644043,nan,21.26435089111328,nan,1127
2335.0,1051,2.276289939880371,nan,21.207199096679688,nan,1128
3488.0,2138,2.3153600692749023,nan,21.208919525146484,nan,1525
3352.0,1495,2.2173399925231934,nan,21.1497802734375,nan,1242
2140.0,1011,2.0780301094055176,nan,20.958629608154297,nan,1798
2712.0,1318,2.4499099254608154,nan,21.003620147705078,nan,1129
2384.0,1160,2.0554699897766113,nan,20.89642906188965,nan,1749
3148.0,1389,2.211940050125122,nan,20.83643913269043,nan,2764
1922.0,789,2.66156005859375,nan,20.70330047607422,nan,1521
2812.0,1458,2.320859909057617,nan,20.732690811157227,nan,1129
2527.0,1427,2.0040199756622314,nan,20.747329711914062,nan,2471
2145.0,945,2.2552900314331055,nan,20.874469757080078,nan,2020
1989.0,1035,2.459249973297119,nan,20.832399368286133,nan,1954
1491.0,897,2.13454008102417,nan,20.782669067382812,nan,1439
732.0,345,2.2806999683380127,nan,20.822629928588867,nan,314
2852.0,1342,2.5678000450134277,nan,20.962749481201172,nan,1676
3116.0,1731,2.392859935760498,nan,20.967649459838867,nan,1128
1592.0,892,2.4374101161956787,nan,20.85099983215332,nan,1512
1108.0,469,3.1267199516296387,nan,20.63629913330078,nan,694
1732.0,900,2.5532000064849854,nan,20.501920700073242,nan,1674
2025.0,1106,2.6182799339294434,nan,20.38603973388672,nan,1981
1564.0,1001,2.733459949493408,nan,20.345300674438477,nan,1527
4600.0,2167,2.555999994277954,nan,20.27338981628418,nan,3161
3242.0,1524,2.2408199310302734,nan,20.298919677734375,nan,1242
1593.0,696,2.645240068435669,nan,20.378759384155273,nan,1519
1551.0,686,2.7844700813293457,nan,20.56591033935547,nan,1512
2258.0,1013,2.294529914855957,nan,20.78278923034668,nan,2024
3542.0,1576,2.332129955291748,nan,20.976909637451172,nan,1433
2097.0,992,2.1951799392700195,nan,20.984350204467773,nan,1513
1884.0,933,2.1010100841522217,nan,21.132770538330078,nan,1127
736.0,337,2.0236399173736572,nan,21.246639251708984,nan,315
740.0,319,1.9281799793243408,nan,21.38212013244629,nan,315
1225.0,769,2.04325008392334,nan,21.366180419921875,nan,821
1102.0,545,2.3877100944519043,nan,21.46656036376953,nan,693
2013.0,841,2.7496299743652344,nan,21.448530197143555,nan,1425
2133.0,1292,2.977109909057617,nan,21.40018081665039,nan,1527
3500.0,1907,2.6197800636291504,nan,21.31587028503418,nan,2471
1279.0,953,2.3431200981140137,nan,21.165029525756836,nan,898
3808.0,2086,2.423219919204712,nan,20.816049575805664,nan,3161
2618.0,1141,2.4063000679016113,nan,20.58555030822754,nan,1417
4531.0,2076,2.2616500854492188,nan,20.186710357666016,nan,2473
2446.0,1128,2.173769950866699,nan,20.364410400390625,nan,1246
1925.0,861,2.032520055770874,nan,20.391279220581055,nan,1797
2112.0,958,2.1543500423431396,nan,20.481719970703125,nan,1518
3914.0,1827,2.5059499740600586,nan,20.583250045776367,nan,3161
1680.0,816,2.2546300888061523,nan,20.910249710083008,nan,1439
1725.0,859,1.9550800323486328,nan,20.960670471191406,nan,1673
2027.0,1291,2.38523006439209,nan,21.115219116210938,nan,1439
1675.0,955,2.2056000232696533,nan,21.199220657348633,nan,899
2082.0,986,2.5077600479125977,nan,21.116130828857422,nan,1439
4821.0,2331,2.473479986190796,nan,21.046039581298828,nan,3161
2327.0,1069,2.2624599933624268,nan,21.09947967529297,nan,2020
2748.0,1173,2.3826699256896973,nan,21.18328094482422,nan,1435
3327.0,1337,2.5732500553131104,nan,21.314559936523438,nan,2764
3445.0,1506,2.2181999683380127,nan,21.402759552001953,nan,3161
3875.0,1897,2.2083098888397217,nan,21.441570281982422,nan,1787
2329.0,1077,1.9791799783706665,nan,21.56744956970215,nan,1128
1527.0,813,2.2393999099731445,nan,21.7503604888916,nan,1128
1598.0,696,2.141469955444336,nan,21.741939544677734,nan,1523
3018.0,1327,2.076580047607422,nan,21.785409927368164,nan,2019
1530.0,731,1.9180200099945068,nan,21.89480972290039,nan,722
1931.0,914,2.2715299129486084,nan,21.928129196166992,nan,1795
2448.0,1231,2.4022200107574463,nan,21.952360153198242,nan,1242
2431.0,1120,2.193809986114502,nan,21.921499252319336,nan,1242
1531.0,784,2.163019895553589,nan,21.99987030029297,nan,1129
1892.0,960,2.3359999656677246,nan,22.085529327392578,nan,1676
2120.0,1163,2.648200035095215,nan,21.91023063659668,nan,1526
3952.0,1702,2.365799903869629,nan,21.827800750732422,nan,1963
2281.0,1131,2.4305200576782227,nan,21.749069213867188,nan,1525
2294.0,991,2.482450008392334,nan,21.67181968688965,nan,1787
2407.0,1081,2.544059991836548,nan,21.8514404296875,nan,2019
2776.0,1279,2.321769952774048,nan,21.897539138793945,nan,2766
1557.0,749,2.253779888153076,nan,21.73533058166504,nan,1515
2550.0,1072,2.304349899291992,nan,21.89776039123535,nan,2476
3025.0,1790,2.0660500526428223,nan,22.14225959777832,nan,2473
2721.0,1201,2.2822799682617188,nan,22.059080123901367,nan,1524
1897.0,799,2.0866200923919678,nan,22.028900146484375,nan,1130
1514.0,741,2.1946001052856445,nan,21.997949600219727,nan,1127
1090.0,465,2.4293301105499268,nan,22.049659729003906,nan,675
2307.0,1091,1.9912500381469727,nan,22.12010955810547,nan,1525
1765.0,841,2.3338699340820312,nan,22.0522403717041,nan,1676
1754.0,915,2.2405200004577637,nan,22.044599533081055,nan,1680
1892.0,1092,2.5097999572753906,nan,21.935190200805664,nan,1128
3373.0,1867,2.470979928970337,nan,21.425880432128906,nan,1675
1886.0,837,2.611409902572632,nan,21.19455909729004,nan,1127
2326.0,1261,2.6403000354766846,nan,21.301719665527344,nan,1130
1645.0,741,2.4842000007629395,nan,21.565479278564453,nan,1242
1887.0,836,2.499069929122925,nan,21.572250366210938,nan,1125
2008.0,997,2.771059989929199,nan,21.449899673461914,nan,1795
5085.0,2724,2.3410398960113525,nan,21.256620407104492,nan,3161
2598.0,1112,2.3875598907470703,nan,20.982980728149414,nan,2471
1091.0,563,2.1566998958587646,nan,20.969839096069336,nan,693
1708.0,960,2.298099994659424,nan,21.01675033569336,nan,1667
1760.0,745,1.925529956817627,nan,21.09490966796875,nan,1527
2505.0,1207,2.3701400756835938,nan,21.201780319213867,nan,1796
2218.0,1457,2.2620201110839844,nan,21.19123077392578,nan,1126
2948.0,1351,2.315769910812378,nan,21.13425064086914,nan,1781
1978.0,949,2.3857200145721436,nan,21.2052001953125,nan,1791
1506.0,743,2.640589952468872,nan,21.165969848632812,nan,1128
1881.0,858,2.328629970550537,nan,20.991910934448242,nan,1793
2334.0,1145,2.3588199615478516,nan,21.129199981689453,nan,2025
3500.0,1746,2.4187800884246826,nan,21.051380157470703,nan,3161
1529.0,788,2.1673901081085205,nan,21.17144012451172,nan,1127
1853.0,956,2.448590040206909,nan,21.036020278930664,nan,1794
2437.0,1283,2.3403398990631104,nan,21.030799865722656,nan,1243
2351.0,1066,2.6670799255371094,nan,21.160049438476562,nan,1149
1728.0,768,2.281909942626953,nan,21.23076057434082,nan,1671
1532.0,863,2.330699920654297,nan,21.193439483642578,nan,1130
3429.0,1757,2.361380100250244,nan,21.200380325317383,nan,3161
2621.0,1106,2.1691300868988037,nan,21.22722053527832,nan,2470
3439.0,1588,2.3117001056671143,nan,21.349960327148438,nan,3161
4701.0,2711,2.1306300163269043,nan,21.523969650268555,nan,3161
1903.0,1045,2.0889298915863037,nan,21.481019973754883,nan,1130
2034.0,1045,2.3694798946380615,nan,21.239620208740234,nan,1792
1525.0,646,2.394860029220581,nan,21.05898094177246,nan,1439
2556.0,1331,2.2107698917388916,nan,21.05303955078125,nan,1961
2604.0,1212,2.6161000728607178,nan,20.83704948425293,nan,1417
2311.0,1217,2.3604300022125244,nan,20.770610809326172,nan,1130
1996.0,1055,2.5083398818969727,nan,20.688779830932617,nan,1242
3494.0,1721,2.538209915161133,nan,20.707189559936523,nan,3161
2569.0,1426,2.7133901119232178,nan,20.835359573364258,nan,1414
4467.0,2121,2.3301000595092773,nan,20.814279556274414,nan,3161
3453.0,1552,2.105870008468628,nan,20.72031021118164,nan,3161
2702.0,1285,2.284130096435547,nan,20.820899963378906,nan,1526
3697.0,1930,2.229140043258667,nan,20.762929916381836,nan,2022
710.0,379,2.3506999015808105,nan,20.758159637451172,nan,315
1693.0,681,2.1452200412750244,nan,20.682720184326172,nan,1524
723.0,343,2.09840989112854,nan,20.64318084716797,nan,315
1524.0,778,2.514130115509033,nan,20.65654945373535,nan,1128
1097.0,549,2.781630039215088,nan,20.6854305267334,nan,680
2321.0,1144,2.489729881286621,nan,20.686809539794922,nan,1130
2244.0,1137,2.7240099906921387,nan,20.74102020263672,nan,2019
1519.0,838,2.346359968185425,nan,20.728849411010742,nan,1439
1612.0,833,2.2371599674224854,nan,20.56817054748535,nan,1523
2017.0,900,2.2730600833892822,nan,20.447790145874023,nan,1959
4434.0,1854,2.7594199180603027,nan,20.534639358520508,nan,3161
3913.0,1692,2.7512099742889404,nan,20.88905906677246,nan,3161
3489.0,1686,2.641119956970215,nan,20.998519897460938,nan,3161
3449.0,1505,2.1685400009155273,nan,21.258020401000977,nan,3161
2045.0,972,1.9287899732589722,nan,21.58193016052246,nan,1963
2012.0,991,1.7246099710464478,nan,21.841999053955078,nan,1246
2712.0,1286,2.05538010597229,nan,22.125030517578125,nan,2026
3423.0,1471,2.167799949645996,nan,22.245460510253906,nan,3161
3202.0,1468,1.9692800045013428,nan,22.306400299072266,nan,2475
2130.0,1025,2.0757899284362793,nan,22.409719467163086,nan,1947
3551.0,1645,1.9131200313568115,nan,22.717039108276367,nan,2471
2383.0,1115,2.2592999935150146,nan,22.653980255126953,nan,1797
1507.0,648,2.2233800888061523,nan,22.703529357910156,nan,1439
3291.0,1406,2.048680067062378,nan,22.82210922241211,nan,2474
3149.0,1534,1.8969299793243408,nan,22.81199073791504,nan,1149
724.0,377,2.1082799434661865,nan,22.644729614257812,nan,316
3177.0,1283,2.437920093536377,nan,22.546279907226562,nan,2027
1114.0,561,2.0335299968719482,nan,22.57394027709961,nan,702
1586.0,959,2.2454400062561035,nan,22.52861976623535,nan,1503
2178.0,1065,2.1590399742126465,nan,22.46063995361328,nan,1981
1896.0,1029,2.4045801162719727,nan,22.416549682617188,nan,1128
1610.0,839,2.5451500415802,nan,22.473230361938477,nan,1527
2788.0,1653,2.450089931488037,nan,22.27972984313965,nan,2019
1524.0,811,2.425290107727051,nan,22.079599380493164,nan,1135
1452.0,787,2.3261899948120117,nan,22.10618019104004,nan,1415
4573.0,2348,2.550230026245117,nan,21.841449737548828,nan,3161
2509.0,1445,2.5407299995422363,nan,21.44770050048828,nan,2472
3534.0,1653,2.4823899269104004,nan,20.86618995666504,nan,1434
3129.0,1593,2.3583900928497314,nan,20.6087703704834,nan,1136
1524.0,907,2.2397100925445557,nan,20.510889053344727,nan,1128
4787.0,2236,1.9666600227355957,nan,20.50101089477539,nan,2761
1821.0,1052,2.1930201053619385,nan,20.3599796295166,nan,1680
3650.0,1720,2.2453598976135254,nan,20.16291046142578,nan,3161
3355.0,1578,2.007189989089966,nan,20.377729415893555,nan,1247
5005.0,2542,2.1668899059295654,nan,20.52914047241211,nan,3161
4870.0,2561,1.9910900592803955,nan,20.729000091552734,nan,3161
1450.0,657,1.7517199516296387,nan,20.97187042236328,nan,1413
1555.0,661,1.8230400085449219,nan,21.17333984375,nan,1149
3515.0,1754,2.0577399730682373,nan,21.291990280151367,nan,1416
4327.0,2262,2.143209934234619,nan,21.176870346069336,nan,3161
1574.0,670,2.01596999168396,nan,21.13895034790039,nan,1517
5293.0,3131,2.1838300228118896,nan,20.960819244384766,nan,3161
1446.0,848,2.2911500930786133,nan,20.75126075744629,nan,1411
2801.0,1521,1.896780014038086,nan,20.628040313720703,nan,1793
3014.0,1331,2.083930015563965,nan,20.595449447631836,nan,2025
2240.0,1059,2.0682199001312256,nan,20.7142391204834,nan,1678
3615.0,1872,2.260849952697754,nan,20.659820556640625,nan,3161
724.0,361,2.0770699977874756,nan,20.540559768676758,nan,316
2354.0,1168,2.210210084915161,nan,20.429439544677734,nan,1541
3417.0,1488,2.260580062866211,nan,20.442350387573242,nan,1416
1659.0,738,2.574350118637085,nan,20.815019607543945,nan,1433
1890.0,799,2.1418700218200684,nan,20.97960090637207,nan,1128
1108.0,501,2.6015799045562744,nan,21.026960372924805,nan,691
1733.0,945,2.5420100688934326,nan,21.22953987121582,nan,1675
2694.0,1079,2.0734100341796875,nan,21.37371063232422,nan,1128
2530.0,1269,2.2068800926208496,nan,21.457420349121094,nan,1788
3149.0,1344,2.6706199645996094,nan,21.588520050048828,nan,1961
1490.0,699,2.5445899963378906,nan,21.518550872802734,nan,700
1884.0,980,2.4361000061035156,nan,21.479000091552734,nan,1130
2922.0,1587,2.6643900871276855,nan,21.57345962524414,nan,1786
2024.0,1078,2.72052001953125,nan,21.727420806884766,nan,1439
1564.0,755,2.504650115966797,nan,21.45701026916504,nan,1524
3454.0,1556,2.2410500049591064,nan,21.354450225830078,nan,3161
3519.0,1649,2.2778398990631104,nan,21.454439163208008,nan,1413
2685.0,1159,2.360650062561035,nan,21.732749938964844,nan,1543
5156.0,2481,2.2143099308013916,nan,21.708070755004883,nan,3161
4106.0,2047,2.2352099418640137,nan,21.721290588378906,nan,2476
3203.0,1422,1.9135899543762207,nan,21.728260040283203,nan,2471
2687.0,1425,2.158210039138794,nan,21.65947914123535,nan,1137
2254.0,990,1.9300700426101685,nan,21.5338191986084,nan,1129
1894.0,785,2.0556399822235107,nan,21.57505989074707,nan,1129
1814.0,802,1.8889100551605225,nan,21.55463981628418,nan,1673
3292.0,1423,2.0474801063537598,nan,21.628660202026367,nan,2748
1942.0,827,2.548150062561035,nan,21.765399932861328,nan,1129
1973.0,1057,2.0550200939178467,nan,21.840839385986328,nan,1675
1984.0,1156,2.2973899841308594,nan,21.788240432739258,nan,1805
1554.0,750,2.6528398990631104,nan,21.72871971130371,nan,1152
3443.0,1719,2.381740093231201,nan,21.593990325927734,nan,3161
1533.0,824,2.346909999847412,nan,21.531509399414062,nan,1130
3228.0,1850,2.569849967956543,nan,21.44573974609375,nan,1248
1680.0,945,2.7391700744628906,nan,21.143939971923828,nan,1524
3333.0,1501,2.581979990005493,nan,20.923009872436523,nan,2759
722.0,355,2.291300058364868,nan,20.785999298095703,nan,313
1743.0,877,2.439769983291626,nan,20.64048957824707,nan,1677
2155.0,943,2.380769968032837,nan,20.617090225219727,nan,2020
3151.0,1440,2.273010015487671,nan,20.5126895904541,nan,1149
4117.0,2490,2.201080083847046,nan,21.021289825439453,nan,3161
3828.0,9436,2.140209913253784,nan,19.004159927368164,nan,3161
3448.0,1679,1.4521100521087646,nan,13.006640434265137,nan,3161
2688.0,1242,1.425719976425171,nan,11.640230178833008,nan,1128
3520.0,1680,1.8087400197982788,nan,11.237090110778809,nan,1414
2309.0,1379,2.2599799633026123,nan,11.820460319519043,nan,1138
2756.0,1812,2.2289299964904785,nan,12.875740051269531,nan,2753
1680.0,778,2.1031301021575928,nan,13.936059951782227,nan,1439
1134.0,543,2.349250078201294,nan,14.526320457458496,nan,722
2395.0,1358,2.354789972305298,nan,15.49448013305664,nan,1435
1838.0,755,1.8877400159835815,nan,16.34062957763672,nan,1434
2430.0,1126,2.145319938659668,nan,17.017669677734375,nan,1417
1520.0,636,1.5496200323104858,nan,17.692230224609375,nan,1439
2497.0,1231,2.205549955368042,nan,17.937240600585938,nan,2472
2730.0,1223,2.068350076675415,nan,18.736160278320312,nan,1151
2105.0,961,2.480639934539795,nan,19.232080459594727,nan,1983
2040.0,1127,2.573539972305298,nan,19.905330657958984,nan,899
5113.0,2321,2.416330099105835,nan,20.536510467529297,nan,3161
2089.0,957,2.3633499145507812,nan,20.889310836791992,nan,1803
705.0,385,2.0726799964904785,nan,21.03652000427246,nan,314
3275.0,1479,2.246190071105957,nan,21.072689056396484,nan,2470
2468.0,1396,2.2558200359344482,nan,21.242900848388672,nan,1439
2556.0,1105,2.363369941711426,nan,21.348329544067383,nan,1677
1740.0,815,2.2918100357055664,nan,21.51181983947754,nan,1674
2320.0,1328,2.1717898845672607,nan,21.422229766845703,nan,1129
1532.0,727,2.0721800327301025,nan,21.53510093688965,nan,1125
2627.0,1189,2.0640299320220947,nan,21.607349395751953,nan,1433
1941.0,847,2.608289957046509,nan,21.5985107421875,nan,1129
1529.0,818,2.493720054626465,nan,21.604110717773438,nan,1128
2786.0,1556,2.2869200706481934,nan,21.523839950561523,nan,1676
2969.0,1458,2.4358201026916504,nan,21.244239807128906,nan,1402
3139.0,1620,2.3690199851989746,nan,21.162519454956055,nan,1960
1679.0,685,2.322619915008545,nan,21.124990463256836,nan,1541
2309.0,1110,1.8111499547958374,nan,21.278860092163086,nan,1127
1569.0,837,2.2471699714660645,nan,21.396949768066406,nan,1522
4987.0,2431,1.9945499897003174,nan,21.2208194732666,nan,3161
2189.0,1008,2.482069969177246,nan,21.27798080444336,nan,1959
2326.0,1261,2.173569917678833,nan,21.349340438842773,nan,1130
1450.0,775,2.27236008644104,nan,21.404390335083008,nan,695
1454.0,573,2.3971400260925293,nan,21.371519088745117,nan,680
1924.0,810,2.2121500968933105,nan,21.385189056396484,nan,1798
1753.0,870,2.229490041732788,nan,21.363300323486328,nan,1666
1908.0,920,2.631500005722046,nan,21.324499130249023,nan,1129
1813.0,1115,2.4721601009368896,nan,21.36833953857422,nan,1524
2632.0,1175,2.451580047607422,nan,21.31028938293457,nan,2473
1519.0,771,2.459399938583374,nan,21.29033088684082,nan,1128
2886.0,1603,2.6364500522613525,nan,21.430679321289062,nan,1784
3436.0,1548,2.3322200775146484,nan,21.799409866333008,nan,3161
2400.0,1115,2.234339952468872,nan,22.020360946655273,nan,1128
1536.0,740,2.4288899898529053,nan,22.12696075439453,nan,1149
3151.0,1617,2.308229923248291,nan,22.102720260620117,nan,2473
2494.0,1285,2.092099905014038,nan,21.906679153442383,nan,2471
1771.0,721,2.1465001106262207,nan,21.829349517822266,nan,1676
2857.0,1448,2.329360008239746,nan,21.962499618530273,nan,1243
2708.0,1226,2.0794599056243896,nan,22.126850128173828,nan,1150
2100.0,900,1.9629700183868408,nan,22.311880111694336,nan,2024
1432.0,769,2.4970099925994873,nan,22.238279342651367,nan,679
2595.0,1244,2.397819995880127,nan,22.273099899291992,nan,1415
2098.0,926,2.0776000022888184,nan,22.176639556884766,nan,2019
1585.0,777,2.364459991455078,nan,22.031789779663086,nan,1512
3966.0,1814,2.540800094604492,nan,22.108230590820312,nan,1964
1551.0,762,1.9230899810791016,nan,22.240680694580078,nan,1149
2559.0,1339,2.563539981842041,nan,22.111419677734375,nan,1523
3633.0,1787,2.490230083465576,nan,22.296680450439453,nan,3161
2176.0,1149,2.126960039138794,nan,22.240989685058594,nan,1955
2520.0,1104,2.1839699745178223,nan,22.188589096069336,nan,1960
1695.0,755,2.1030399799346924,nan,22.274429321289062,nan,1524
3202.0,1550,2.5345098972320557,nan,22.302040100097656,nan,2028
3565.0,1687,2.0736000537872314,nan,22.270109176635742,nan,2473
2454.0,1160,1.9573899507522583,nan,22.135019302368164,nan,1246
1137.0,525,2.045909881591797,nan,22.19378089904785,nan,723
3226.0,1727,2.2255499362945557,nan,21.958599090576172,nan,1674
2337.0,1064,2.0675299167633057,nan,21.709430694580078,nan,1131
3394.0,1608,2.115809917449951,nan,21.546659469604492,nan,3161
3584.0,1632,2.1089398860931396,nan,21.73263931274414,nan,2475
2470.0,1037,1.947659969329834,nan,21.860599517822266,nan,1439
1526.0,893,2.225800037384033,nan,22.001859664916992,nan,1130
3273.0,2049,2.2415099143981934,nan,21.99325942993164,nan,3161
5390.0,2681,2.1179299354553223,nan,21.69948959350586,nan,3161
2625.0,1403,1.976580023765564,nan,21.241689682006836,nan,1433
3285.0,1684,2.2521800994873047,nan,21.01902961730957,nan,2471
3531.0,1757,2.0179100036621094,nan,20.89872932434082,nan,2474
3567.0,1553,2.1254899501800537,nan,20.682029724121094,nan,3161
1707.0,772,1.768839955329895,nan,20.8056697845459,nan,1657
4090.0,2318,1.9312800168991089,nan,20.946020126342773,nan,2474
2562.0,1182,2.1110000610351562,nan,20.971920013427734,nan,1544
3669.0,1693,2.102250099182129,nan,21.160280227661133,nan,3161
2440.0,1209,2.007620096206665,nan,21.208229064941406,nan,1128
2345.0,1168,2.0793800354003906,nan,21.110830307006836,nan,1154
2027.0,1043,1.9123599529266357,nan,21.0856990814209,nan,1130
2815.0,1307,2.1114699840545654,nan,20.89965057373047,nan,1242
3429.0,1561,1.9504499435424805,nan,21.076400756835938,nan,1434
5238.0,3135,2.2423601150512695,nan,21.278810501098633,nan,3161
3848.0,1860,2.060260057449341,nan,21.232009887695312,nan,2752
2973.0,1508,2.3357698917388916,nan,21.08452033996582,nan,1410
2432.0,1037,1.966879963874817,nan,21.021259307861328,nan,2026
2549.0,1205,2.158940076828003,nan,20.754810333251953,nan,1242
3554.0,1687,2.072160005569458,nan,20.82386016845703,nan,1524
2548.0,1607,1.95878005027771,nan,20.65258026123047,nan,1527
4012.0,1786,2.429800033569336,nan,20.55061912536621,nan,2471
3094.0,1384,2.2484400272369385,nan,20.911380767822266,nan,1525
