Rewards,Lengths,Loss1,Loss2,Q1,Q2,Best_Distances
2442.0,3124,1.28947,nan,1.34778,nan,2472
4662.0,2459,2.1435599327087402,nan,8.943070411682129,nan,3161
2706.0,1352,2.181540012359619,nan,11.967769622802734,nan,1526
1763.0,761,2.2718100547790527,nan,15.189959526062012,nan,1517
2213.0,1026,2.36653995513916,nan,15.331210136413574,nan,1791
1801.0,837,2.5821099281311035,nan,15.498809814453125,nan,1662
1519.0,693,3.066620111465454,nan,15.446029663085938,nan,1129
1645.0,726,3.0100998878479004,nan,16.39586067199707,nan,1434
1117.0,493,3.0152199268341064,nan,18.938560485839844,nan,702
1760.0,907,3.2239599227905273,nan,20.324800491333008,nan,1528
1620.0,1017,3.7003800868988037,nan,20.34918975830078,nan,828
3129.0,1803,3.1067800521850586,nan,19.468299865722656,nan,1151
2559.0,1281,3.414289951324463,nan,19.887269973754883,nan,1435
1462.0,719,3.9548799991607666,nan,19.82921028137207,nan,689
2858.0,1226,3.4667201042175293,nan,19.541580200195312,nan,1673
1918.0,1202,4.184070110321045,nan,19.479970932006836,nan,1124
1993.0,1284,3.9940900802612305,nan,20.160579681396484,nan,1434
2678.0,1708,3.388590097427368,nan,19.640060424804688,nan,1126
1451.0,1075,3.043370008468628,nan,19.21476936340332,nan,1437
2666.0,1933,3.701080083847046,nan,17.67690086364746,nan,1130
1493.0,985,3.3475399017333984,nan,17.649900436401367,nan,1130
1508.0,881,3.3097100257873535,nan,17.864530563354492,nan,1126
2647.0,2141,3.0712499618530273,nan,16.851890563964844,nan,1130
737.0,323,2.6457901000976562,nan,16.35910987854004,nan,315
2317.0,1410,3.339560031890869,nan,15.994070053100586,nan,1129
741.0,319,2.6685400009155273,nan,15.496000289916992,nan,315
1878.0,1181,3.155369997024536,nan,16.13043975830078,nan,723
738.0,319,3.3283801078796387,nan,16.31505012512207,nan,315
737.0,323,3.260590076446533,nan,16.11326026916504,nan,315
2156.0,1778,4.010389804840088,nan,15.913060188293457,nan,1439
1671.0,864,3.702899932861328,nan,15.98108959197998,nan,1435
729.0,351,3.6991701126098633,nan,16.022199630737305,nan,316
1623.0,991,4.02370023727417,nan,16.48427963256836,nan,862
1521.0,1016,4.020199775695801,nan,17.19297981262207,nan,1130
716.0,391,3.7467000484466553,nan,17.472450256347656,nan,314
1560.0,668,3.2673399448394775,nan,17.290760040283203,nan,1150
2598.0,1656,4.129660129547119,nan,17.031740188598633,nan,1434
3779.0,1657,4.989540100097656,nan,17.010679244995117,nan,1788
2859.0,1623,3.441809892654419,nan,18.10919952392578,nan,1128
2317.0,1355,3.314460039138794,nan,18.364089965820312,nan,1130
2492.0,1157,3.4245998859405518,nan,17.843490600585938,nan,2474
2184.0,1108,3.068010091781616,nan,17.615549087524414,nan,1435
2371.0,1381,3.60752010345459,nan,18.46540069580078,nan,1222
1099.0,441,2.226099967956543,nan,18.685440063476562,nan,679
2058.0,1153,4.093379974365234,nan,18.843509674072266,nan,1676
2095.0,1192,3.0168299674987793,nan,19.29534912109375,nan,1127
2005.0,963,3.176409959793091,nan,19.04306983947754,nan,1787
1640.0,848,3.7199900150299072,nan,19.024410247802734,nan,1522
1754.0,831,3.5754499435424805,nan,20.67473030090332,nan,1518
1891.0,1043,3.5431699752807617,nan,19.899599075317383,nan,1129
1891.0,1071,3.250339984893799,nan,19.517719268798828,nan,1127
5189.0,2736,3.6064798831939697,nan,20.354530334472656,nan,3161
1880.0,953,5.024099826812744,nan,22.49319076538086,nan,1660
1746.0,1019,3.1621100902557373,nan,22.91983985900879,nan,1512
1507.0,999,3.311800003051758,nan,21.697650909423828,nan,1130
2175.0,1058,2.901979923248291,nan,20.794639587402344,nan,1418
2321.0,1383,2.883270025253296,nan,20.74028968811035,nan,1130
2283.0,1257,2.669100046157837,nan,20.79998016357422,nan,1127
2432.0,1729,2.688070058822632,nan,19.967580795288086,nan,1260
1282.0,987,3.4016900062561035,nan,19.333330154418945,nan,899
2668.0,2105,2.780280113220215,nan,18.063400268554688,nan,1139
739.0,339,2.5358099937438965,nan,17.40131950378418,nan,315
714.0,377,3.600709915161133,nan,17.170230865478516,nan,315
1882.0,1139,3.361409902572632,nan,17.02326011657715,nan,1131
741.0,319,4.497580051422119,nan,17.240659713745117,nan,315
1510.0,1296,2.815429925918579,nan,16.66016960144043,nan,1129
2683.0,1747,3.653909921646118,nan,16.305700302124023,nan,1960
1723.0,856,3.1877400875091553,nan,15.794650077819824,nan,1526
2443.0,1056,3.3651700019836426,nan,15.902039527893066,nan,1417
3033.0,1431,3.0473198890686035,nan,16.760469436645508,nan,2470
2515.0,1117,3.5667200088500977,nan,17.8172607421875,nan,2471
3010.0,1497,3.657979965209961,nan,18.108409881591797,nan,2470
4632.0,2250,2.6765100955963135,nan,18.921920776367188,nan,3161
3596.0,1785,3.364579916000366,nan,19.882469177246094,nan,2473
2701.0,1474,3.0296499729156494,nan,20.559419631958008,nan,1129
2733.0,1526,3.0754899978637695,nan,20.40707015991211,nan,2475
2899.0,1475,3.054219961166382,nan,20.888269424438477,nan,2746
1985.0,865,1.9968500137329102,nan,21.625900268554688,nan,1783
1505.0,735,2.5552799701690674,nan,21.32628059387207,nan,1439
3040.0,1505,2.5444300174713135,nan,21.441980361938477,nan,2765
2068.0,1239,3.406280040740967,nan,21.829599380493164,nan,1211
2632.0,1305,3.0044400691986084,nan,21.539390563964844,nan,1438
712.0,425,4.540319919586182,nan,21.283899307250977,nan,314
1532.0,833,3.304189920425415,nan,20.871299743652344,nan,1130
1093.0,579,2.481329917907715,nan,20.665010452270508,nan,691
717.0,373,2.8706600666046143,nan,20.52899932861328,nan,315
2329.0,1485,4.1036200523376465,nan,20.391279220581055,nan,1138
2725.0,1324,3.1556899547576904,nan,20.227630615234375,nan,1127
2030.0,1063,3.456350088119507,nan,19.483970642089844,nan,1803
2039.0,917,3.9471099376678467,nan,19.375490188598633,nan,1960
2241.0,1199,3.947930097579956,nan,19.49534034729004,nan,2024
2459.0,1364,3.7332398891448975,nan,20.269460678100586,nan,1128
2298.0,1140,3.3359899520874023,nan,20.20507049560547,nan,1129
1496.0,707,2.69035005569458,nan,19.906410217285156,nan,1443
1978.0,914,3.2488300800323486,nan,20.44413948059082,nan,1953
3577.0,1530,2.980530023574829,nan,20.832700729370117,nan,2472
1093.0,517,2.8462600708007812,nan,20.65566062927246,nan,679
1495.0,672,2.7950799465179443,nan,20.878820419311523,nan,1438
2313.0,1142,3.0846400260925293,nan,21.102319717407227,nan,1129
2161.0,1073,2.6845200061798096,nan,21.37965965270996,nan,1415
2060.0,1121,3.855710029602051,nan,21.427200317382812,nan,2014
2610.0,1356,3.6373798847198486,nan,21.562700271606445,nan,1433
1532.0,795,3.500809907913208,nan,21.7503604888916,nan,1128
2121.0,887,3.7186899185180664,nan,21.527109146118164,nan,1960
2758.0,1477,3.913569927215576,nan,21.684419631958008,nan,2469
1070.0,561,3.6287999153137207,nan,21.861160278320312,nan,674
1758.0,980,3.1681699752807617,nan,21.68720054626465,nan,1521
1110.0,571,3.23078989982605,nan,21.52984046936035,nan,704
1876.0,841,3.914289951324463,nan,21.27825927734375,nan,1526
1082.0,673,3.3145198822021484,nan,21.399749755859375,nan,696
1661.0,715,3.9527199268341064,nan,21.218599319458008,nan,1433
1913.0,821,3.303189992904663,nan,21.608600616455078,nan,1670
1502.0,807,3.515810012817383,nan,21.497350692749023,nan,1439
1807.0,883,4.5655198097229,nan,20.94300079345703,nan,1433
1979.0,1169,4.980690002441406,nan,20.236249923706055,nan,1416
2111.0,967,3.5762200355529785,nan,20.192520141601562,nan,1791
3870.0,1757,3.982029914855957,nan,20.428720474243164,nan,3161
1911.0,1171,3.382240056991577,nan,20.9024600982666,nan,1128
2017.0,825,3.480609893798828,nan,21.271989822387695,nan,1672
1515.0,754,4.1527099609375,nan,21.90587043762207,nan,1127
2584.0,1205,2.697499990463257,nan,22.268199920654297,nan,1454
2035.0,979,3.2399299144744873,nan,21.354930877685547,nan,1413
1914.0,1075,3.0362300872802734,nan,21.098939895629883,nan,1127
1892.0,977,3.076819896697998,nan,21.85759925842285,nan,1670
1919.0,893,2.430690050125122,nan,22.3653507232666,nan,1128
3006.0,1447,3.621150016784668,nan,21.712810516357422,nan,1435
1628.0,839,3.8898301124572754,nan,20.95408058166504,nan,1242
3120.0,1726,3.468859910964966,nan,20.648590087890625,nan,1434
1813.0,943,2.9381000995635986,nan,20.36387062072754,nan,1417
2074.0,1638,3.4029700756073,nan,20.383699417114258,nan,1128
1458.0,1008,3.30580997467041,nan,20.080759048461914,nan,1138
2215.0,1340,3.243419885635376,nan,20.221599578857422,nan,1434
2351.0,1198,3.346440076828003,nan,19.90736961364746,nan,1154
4300.0,10004,2.6186399459838867,nan,15.381340026855469,nan,3161
5186.0,2272,1.2622100114822388,nan,7.929110050201416,nan,3161
3236.0,1505,1.7303199768066406,nan,8.620019912719727,nan,1240
3454.0,1506,2.1716198921203613,nan,10.495809555053711,nan,3161
1091.0,481,2.0670599937438965,nan,11.78223991394043,nan,674
1292.0,947,2.4838099479675293,nan,13.800040245056152,nan,899
1828.0,955,2.9268798828125,nan,14.455829620361328,nan,1434
1527.0,771,2.7632699012756348,nan,15.612939834594727,nan,1439
2260.0,1146,3.420569896697998,nan,16.896020889282227,nan,1130
1884.0,942,2.8385000228881836,nan,18.49810028076172,nan,1127
2171.0,994,3.7881999015808105,nan,18.92436981201172,nan,1958
3080.0,1878,3.0934700965881348,nan,19.264049530029297,nan,1792
1895.0,816,3.934920072555542,nan,19.963029861450195,nan,1129
3186.0,1761,3.488919973373413,nan,20.666439056396484,nan,2470
1628.0,797,3.192970037460327,nan,20.839500427246094,nan,1244
2708.0,1395,2.5896599292755127,nan,21.003719329833984,nan,1129
3411.0,1815,2.9457600116729736,nan,20.774660110473633,nan,3161
721.0,371,3.151010036468506,nan,20.583099365234375,nan,316
2742.0,1128,3.563849925994873,nan,20.446090698242188,nan,1541
1918.0,825,1.9538099765777588,nan,20.746919631958008,nan,1523
2592.0,1197,3.037760019302368,nan,20.595279693603516,nan,2019
2711.0,1273,3.4412999153137207,nan,20.451900482177734,nan,2020
2355.0,1073,3.518239974975586,nan,20.90826988220215,nan,1150
2617.0,1482,3.0102100372314453,nan,21.915620803833008,nan,2469
2525.0,1256,3.1603500843048096,nan,21.614999771118164,nan,2473
3905.0,1857,3.0599000453948975,nan,20.791589736938477,nan,3161
2667.0,1177,2.915679931640625,nan,21.294479370117188,nan,1527
3330.0,1516,2.8432300090789795,nan,21.990249633789062,nan,2763
2583.0,1347,2.294019937515259,nan,21.928030014038086,nan,1264
4376.0,2108,2.507009983062744,nan,22.004159927368164,nan,3161
1817.0,817,2.72940993309021,nan,23.260459899902344,nan,1433
730.0,339,3.252880096435547,nan,23.507320404052734,nan,313
1508.0,904,2.793610095977783,nan,23.086200714111328,nan,1124
1522.0,881,3.2682199478149414,nan,23.14468002319336,nan,1439
1289.0,739,2.778209924697876,nan,22.758760452270508,nan,900
742.0,333,2.3828001022338867,nan,22.620380401611328,nan,316
3504.0,1942,3.5852699279785156,nan,22.48110008239746,nan,3161
2631.0,1221,3.007730007171631,nan,21.45686912536621,nan,1433
2717.0,1225,3.7343599796295166,nan,21.266090393066406,nan,1526
1848.0,805,3.988420009613037,nan,20.251239776611328,nan,1674
1881.0,1005,3.182569980621338,nan,20.7354793548584,nan,1129
2318.0,1029,3.2587099075317383,nan,20.235380172729492,nan,1128
2191.0,1025,3.7496299743652344,nan,20.31273078918457,nan,1958
1737.0,890,3.9799299240112305,nan,21.13212013244629,nan,1673
1858.0,1207,2.8587000370025635,nan,21.102479934692383,nan,1151
1716.0,961,4.188270092010498,nan,21.05617904663086,nan,1672
1657.0,849,3.069240093231201,nan,21.171630859375,nan,1434
1727.0,1012,3.4481899738311768,nan,21.319700241088867,nan,1529
3841.0,2068,3.5787899494171143,nan,20.787160873413086,nan,3161
2576.0,1413,3.157860040664673,nan,20.10943031311035,nan,1241
1976.0,1209,4.307030200958252,nan,19.734390258789062,nan,1804
689.0,413,4.648079872131348,nan,19.54513931274414,nan,312
1869.0,962,2.7961599826812744,nan,19.58847999572754,nan,1125
2806.0,1510,3.813509941101074,nan,18.920480728149414,nan,2754
1901.0,855,3.1412999629974365,nan,18.967159271240234,nan,1668
5021.0,2316,3.344949960708618,nan,19.464679718017578,nan,3161
2536.0,1371,3.4376800060272217,nan,19.89642906188965,nan,1569
719.0,391,3.7992401123046875,nan,19.70541000366211,nan,316
3250.0,1422,3.1807899475097656,nan,20.602840423583984,nan,1246
1533.0,805,4.013559818267822,nan,21.228609085083008,nan,1130
2224.0,1165,3.0435800552368164,nan,21.0049991607666,nan,1432
2318.0,1051,2.9138200283050537,nan,21.191499710083008,nan,1128
1102.0,543,3.288290023803711,nan,21.148439407348633,nan,688
2570.0,1263,2.7917098999023438,nan,21.311729431152344,nan,1676
1583.0,972,3.5552799701690674,nan,21.457149505615234,nan,1524
2805.0,1693,3.533440113067627,nan,20.876609802246094,nan,1129
2209.0,1157,3.7964999675750732,nan,20.911800384521484,nan,1415
1515.0,666,3.3253300189971924,nan,20.91537094116211,nan,1436
3111.0,1805,4.2463698387146,nan,20.10382080078125,nan,1129
2939.0,1593,3.3021299839019775,nan,20.02153968811035,nan,1242
1649.0,952,3.0938100814819336,nan,19.974559783935547,nan,1435
1964.0,816,2.8775899410247803,nan,20.20911979675293,nan,1152
3487.0,1842,3.022209882736206,nan,19.960329055786133,nan,2474
5059.0,2299,3.3989500999450684,nan,20.203060150146484,nan,3161
2076.0,813,2.9041199684143066,nan,20.906700134277344,nan,1678
2554.0,1175,2.9243099689483643,nan,21.23724937438965,nan,1517
727.0,381,2.9979500770568848,nan,20.90489959716797,nan,316
1954.0,1004,3.6883299350738525,nan,20.75827980041504,nan,1151
1124.0,545,3.170880079269409,nan,21.516380310058594,nan,709
2762.0,1437,3.7105000019073486,nan,21.140390396118164,nan,1959
2894.0,1662,2.8096001148223877,nan,21.680240631103516,nan,1435
2447.0,1146,3.409219980239868,nan,21.960979461669922,nan,1245
1888.0,813,2.608489990234375,nan,21.759620666503906,nan,1129
1669.0,966,4.0897297859191895,nan,21.31553077697754,nan,1439
2538.0,1366,3.1729800701141357,nan,21.702560424804688,nan,2473
4235.0,3313,3.143079996109009,nan,20.775039672851562,nan,3161
1538.0,715,3.1161999702453613,nan,19.977890014648438,nan,1130
4216.0,2061,3.450269937515259,nan,19.29081916809082,nan,2472
690.0,417,2.8185999393463135,nan,19.286239624023438,nan,301
2313.0,1204,2.6813600063323975,nan,19.064180374145508,nan,1130
3697.0,1748,2.7010700702667236,nan,18.54412078857422,nan,3161
2147.0,891,2.251110076904297,nan,18.283950805664062,nan,1958
3649.0,1646,3.5409200191497803,nan,18.699199676513672,nan,2471
2346.0,1013,2.5327301025390625,nan,19.33201026916504,nan,1957
2664.0,1161,2.655440092086792,nan,20.237199783325195,nan,1957
4758.0,2483,2.8576700687408447,nan,21.145009994506836,nan,3161
3398.0,1749,2.342639923095703,nan,21.260290145874023,nan,3161
2724.0,1520,2.390619993209839,nan,21.3510799407959,nan,1526
2397.0,1047,2.6891300678253174,nan,20.855640411376953,nan,2023
2206.0,898,3.48757004737854,nan,20.624649047851562,nan,1435
3075.0,1438,2.879040002822876,nan,19.991329193115234,nan,2471
3148.0,1882,2.5855801105499268,nan,20.11927032470703,nan,2469
2371.0,994,2.690040111541748,nan,20.936290740966797,nan,1791
3422.0,1599,3.2535500526428223,nan,20.362659454345703,nan,1429
3081.0,1349,2.6558001041412354,nan,20.809429168701172,nan,2023
1664.0,817,2.3653900623321533,nan,21.2562198638916,nan,1434
2471.0,1352,3.111109972000122,nan,21.46697998046875,nan,1439
2433.0,1084,2.280090093612671,nan,20.905550003051758,nan,2024
2836.0,1342,3.1729700565338135,nan,19.899900436401367,nan,1802
2084.0,1211,2.9192099571228027,nan,20.392000198364258,nan,1129
5267.0,2957,2.9402999877929688,nan,21.278799057006836,nan,3161
1952.0,831,2.904099941253662,nan,20.869619369506836,nan,1796
1981.0,913,2.9257700443267822,nan,20.63128089904785,nan,1817
2698.0,1397,3.3294899463653564,nan,20.65114974975586,nan,1130
2083.0,920,2.598680019378662,nan,21.278499603271484,nan,1961
2379.0,1069,2.615989923477173,nan,21.661190032958984,nan,1243
1826.0,904,4.122439861297607,nan,21.27136993408203,nan,1799
2881.0,1396,3.9554998874664307,nan,21.12775993347168,nan,2472
3339.0,1390,2.9137699604034424,nan,21.532480239868164,nan,1938
705.0,389,2.6324000358581543,nan,21.81300926208496,nan,307
1522.0,656,2.9400899410247803,nan,21.46101951599121,nan,1439
2120.0,903,3.5023601055145264,nan,21.598180770874023,nan,1803
1601.0,1079,3.2446000576019287,nan,21.709680557250977,nan,1524
1613.0,846,3.063610076904297,nan,21.356979370117188,nan,1525
1538.0,666,3.2544000148773193,nan,21.182809829711914,nan,1128
1676.0,883,3.152669906616211,nan,21.391029357910156,nan,1439
3764.0,2011,2.9857399463653564,nan,21.435840606689453,nan,2762
3285.0,1549,3.7964999675750732,nan,21.08761978149414,nan,2027
4586.0,2283,3.6441800594329834,nan,20.262229919433594,nan,3161
3686.0,1642,2.8548901081085205,nan,20.215240478515625,nan,3161
1674.0,809,2.5385100841522217,nan,20.67629051208496,nan,1523
3582.0,1662,2.7006099224090576,nan,21.306419372558594,nan,2474
1513.0,870,3.1011500358581543,nan,22.065919876098633,nan,1129
3114.0,1655,2.907900094985962,nan,21.402250289916992,nan,1528
2067.0,1125,2.5577199459075928,nan,21.533889770507812,nan,1956
2882.0,1414,2.9563000202178955,nan,21.49601936340332,nan,2469
3130.0,1943,3.111330032348633,nan,20.759809494018555,nan,1153
2571.0,1370,3.0162599086761475,nan,20.094560623168945,nan,2475
1528.0,810,3.2981998920440674,nan,19.743759155273438,nan,1129
2336.0,1099,2.568969964981079,nan,19.392549514770508,nan,1130
2505.0,1302,2.9459800720214844,nan,19.345319747924805,nan,2474
1493.0,985,2.9218199253082275,nan,19.085250854492188,nan,1439
2967.0,1371,2.3498799800872803,nan,19.085180282592773,nan,2471
1835.0,1244,3.662029981613159,nan,18.718290328979492,nan,1788
3429.0,1707,3.1999399662017822,nan,18.72780990600586,nan,1434
2348.0,1160,2.6840898990631104,nan,18.891820907592773,nan,1150
4307.0,2184,2.745959997177124,nan,19.143840789794922,nan,3161
1496.0,851,2.5885300636291504,nan,19.249059677124023,nan,1126
1622.0,757,2.723069906234741,nan,19.058860778808594,nan,807
2334.0,1133,2.4728000164031982,nan,19.363239288330078,nan,1955
3512.0,1762,2.8537299633026123,nan,19.344419479370117,nan,1525
1657.0,796,1.939370036125183,nan,20.144859313964844,nan,1435
1748.0,748,2.437999963760376,nan,20.257740020751953,nan,1658
2064.0,1032,3.052380084991455,nan,20.122230529785156,nan,1782
1825.0,885,2.296060085296631,nan,19.88418960571289,nan,1433
2005.0,1269,3.21943998336792,nan,19.736099243164062,nan,1128
2233.0,928,3.237489938735962,nan,19.771310806274414,nan,1947
1835.0,902,3.8757400512695312,nan,19.860990524291992,nan,1789
1892.0,867,3.3507399559020996,nan,19.643510818481445,nan,1127
1994.0,993,4.091430187225342,nan,20.09906005859375,nan,1875
1888.0,957,3.2301199436187744,nan,20.00705909729004,nan,1128
3442.0,1620,3.215290069580078,nan,19.933330535888672,nan,3161
4427.0,2001,3.3808000087738037,nan,20.24138069152832,nan,3161
1653.0,728,3.273819923400879,nan,20.33254051208496,nan,1435
2449.0,1054,3.264389991760254,nan,20.134939193725586,nan,2024
2515.0,1431,3.197770118713379,nan,20.365699768066406,nan,1245
1876.0,791,2.9196200370788574,nan,19.873409271240234,nan,1788
3585.0,1941,2.7090799808502197,nan,19.856210708618164,nan,3161
2328.0,1094,3.5119400024414062,nan,19.15951919555664,nan,1128
2239.0,1157,2.6865200996398926,nan,19.352670669555664,nan,1518
1913.0,1235,3.7828099727630615,nan,19.69495964050293,nan,1778
2738.0,1460,3.175879955291748,nan,19.564210891723633,nan,2473
2074.0,963,3.714430093765259,nan,19.086740493774414,nan,1791
1651.0,1089,3.0150399208068848,nan,19.013059616088867,nan,1524
2656.0,1345,3.076580047607422,nan,18.932649612426758,nan,1527
1596.0,788,3.859989881515503,nan,19.478729248046875,nan,1589
2170.0,1048,3.124160051345825,nan,19.205459594726562,nan,1416
1524.0,731,3.3485300540924072,nan,19.09872055053711,nan,1130
2493.0,989,3.8812100887298584,nan,19.23274040222168,nan,1796
2687.0,1175,3.6312100887298584,nan,19.31230926513672,nan,2020
4965.0,2385,2.8846800327301025,nan,20.24662971496582,nan,3161
2352.0,1065,2.915210008621216,nan,20.745630264282227,nan,1960
3077.0,1332,3.520620107650757,nan,20.622760772705078,nan,1526
2730.0,1156,2.8811099529266357,nan,21.30493927001953,nan,1417
1839.0,769,2.925679922103882,nan,21.914470672607422,nan,1796
1792.0,1082,3.091639995574951,nan,22.096839904785156,nan,1418
4131.0,2030,2.828700065612793,nan,21.688560485839844,nan,3161
2716.0,1373,2.318079948425293,nan,21.404600143432617,nan,1543
3378.0,1624,2.827430009841919,nan,21.10386085510254,nan,1789
2712.0,1334,3.148750066757202,nan,21.023590087890625,nan,1523
4197.0,2292,3.0283899307250977,nan,20.883209228515625,nan,3161
3287.0,1395,2.936199903488159,nan,20.193769454956055,nan,2027
741.0,343,2.028709888458252,nan,20.29804039001465,nan,316
741.0,319,2.6750900745391846,nan,20.36301040649414,nan,315
1961.0,1085,3.270169973373413,nan,20.301069259643555,nan,1799
3624.0,1883,3.255539894104004,nan,20.325780868530273,nan,2473
1469.0,738,3.244080066680908,nan,20.670679092407227,nan,1428
735.0,339,2.9433300495147705,nan,20.43470001220703,nan,315
2818.0,1600,3.8421599864959717,nan,20.456689834594727,nan,1130
4616.0,2395,3.0313498973846436,nan,20.453100204467773,nan,3161
2530.0,1272,3.947350025177002,nan,20.267850875854492,nan,1954
5388.0,2646,2.5817201137542725,nan,20.25773048400879,nan,3161
2640.0,1368,2.9771599769592285,nan,20.514219284057617,nan,2471
1830.0,839,2.2867300510406494,nan,20.547130584716797,nan,1799
2441.0,1173,2.201740026473999,nan,20.515640258789062,nan,1245
2060.0,948,2.482150077819824,nan,20.68269920349121,nan,1435
2478.0,1147,2.491489887237549,nan,20.911710739135742,nan,1439
1530.0,690,2.5383501052856445,nan,20.98267936706543,nan,1439
1137.0,573,3.2950398921966553,nan,20.935609817504883,nan,723
1939.0,890,3.589449882507324,nan,20.807540893554688,nan,1786
1563.0,916,4.7052202224731445,nan,20.735219955444336,nan,1520
2017.0,930,3.934190034866333,nan,20.905149459838867,nan,1798
1655.0,1032,3.8041799068450928,nan,21.042829513549805,nan,1517
2612.0,1225,3.578809976577759,nan,21.053150177001953,nan,2474
3150.0,1604,3.8844799995422363,nan,20.954069137573242,nan,1155
5731.0,3653,3.3987600803375244,nan,20.583160400390625,nan,3161
2447.0,1028,2.951240062713623,nan,20.266599655151367,nan,1243
4796.0,2612,2.6907899379730225,nan,20.29277992248535,nan,3161
2111.0,1043,2.367680072784424,nan,20.409910202026367,nan,1798
2639.0,1432,2.8353400230407715,nan,20.136850357055664,nan,1435
2041.0,917,2.7918899059295654,nan,19.907529830932617,nan,1956
1906.0,1182,2.718790054321289,nan,19.627349853515625,nan,1127
3161.0,1299,3.0620899200439453,nan,19.5662899017334,nan,2759
3208.0,1327,2.7775700092315674,nan,19.91172981262207,nan,1544
2241.0,935,2.514470100402832,nan,19.993450164794922,nan,2024
3198.0,1639,2.9098498821258545,nan,20.354459762573242,nan,2028
1966.0,799,3.336090087890625,nan,20.58576011657715,nan,1788
2426.0,1159,2.5050899982452393,nan,20.949880599975586,nan,1242
2295.0,1002,2.8979101181030273,nan,21.23649024963379,nan,1127
2436.0,1199,3.787100076675415,nan,21.115760803222656,nan,1242
3495.0,1803,3.1553499698638916,nan,21.25514030456543,nan,2467
4485.0,2177,2.699510097503662,nan,21.17963981628418,nan,3161
2766.0,1423,2.899009943008423,nan,21.173519134521484,nan,2760
1826.0,1061,3.1219799518585205,nan,21.06900978088379,nan,1796
2035.0,905,2.4700698852539062,nan,21.1689395904541,nan,1947
1141.0,517,2.1598799228668213,nan,21.00634002685547,nan,722
3733.0,2100,3.3046998977661133,nan,21.023090362548828,nan,1675
2462.0,1080,3.5114099979400635,nan,20.970109939575195,nan,1239
2312.0,1253,2.9026598930358887,nan,20.87788963317871,nan,1130
3325.0,1633,3.840670108795166,nan,20.58856964111328,nan,1524
1950.0,945,3.0443999767303467,nan,20.6011905670166,nan,1794
3138.0,1228,3.184770107269287,nan,20.642810821533203,nan,1955
1072.0,513,2.4606399536132812,nan,20.798690795898438,nan,674
1922.0,831,2.1404099464416504,nan,20.96034049987793,nan,1524
2323.0,1233,4.0791401863098145,nan,21.125499725341797,nan,1129
1821.0,1071,4.271520137786865,nan,21.1152400970459,nan,1433
1520.0,928,4.144370079040527,nan,21.06797981262207,nan,1439
2330.0,1077,2.8779900074005127,nan,21.12693977355957,nan,1128
3679.0,1755,3.3623099327087402,nan,21.396039962768555,nan,3161
2714.0,1247,2.8705599308013916,nan,21.423070907592773,nan,1674
2183.0,971,3.9641199111938477,nan,21.199949264526367,nan,1414
1654.0,886,2.353879928588867,nan,21.079200744628906,nan,1434
2728.0,1295,3.842139959335327,nan,20.839340209960938,nan,1964
2289.0,1079,3.6658499240875244,nan,20.8994197845459,nan,1128
2993.0,1614,3.442689895629883,nan,21.061370849609375,nan,1435
1888.0,961,3.367460012435913,nan,20.844520568847656,nan,1129
3435.0,1758,2.8649001121520996,nan,20.817949295043945,nan,3161
5434.0,3846,2.7051899433135986,nan,20.769269943237305,nan,3161
2044.0,998,2.587519884109497,nan,20.1506404876709,nan,1964
2917.0,1537,2.867889881134033,nan,19.96611976623535,nan,1242
2548.0,1159,2.6519598960876465,nan,19.816089630126953,nan,2473
2017.0,887,2.3274600505828857,nan,19.697540283203125,nan,1959
3017.0,1556,2.6094400882720947,nan,19.86819076538086,nan,2471
1887.0,950,2.8030500411987305,nan,19.912649154663086,nan,1126
2010.0,847,3.3441200256347656,nan,19.756500244140625,nan,1958
2744.0,1167,3.514319896697998,nan,19.856779098510742,nan,1966
1869.0,843,2.83597993850708,nan,20.305559158325195,nan,1798
2326.0,1213,3.1728599071502686,nan,20.582660675048828,nan,1128
2439.0,1239,3.3206698894500732,nan,20.790870666503906,nan,1243
2357.0,1399,3.1346800327301025,nan,21.39044952392578,nan,1785
2968.0,1276,3.5149099826812744,nan,21.56723976135254,nan,1788
2107.0,1027,3.2958099842071533,nan,21.8080997467041,nan,1544
1515.0,746,3.876420021057129,nan,21.853260040283203,nan,1129
2322.0,1111,4.259940147399902,nan,21.542280197143555,nan,1129
1661.0,790,3.3984899520874023,nan,21.77334976196289,nan,1435
2346.0,1270,3.1858699321746826,nan,21.86203956604004,nan,1151
1946.0,1162,4.202449798583984,nan,21.503910064697266,nan,1154
2826.0,1348,2.97340989112854,nan,21.345659255981445,nan,1788
3115.0,1465,3.6768300533294678,nan,21.365280151367188,nan,1802
2515.0,1088,3.0023200511932373,nan,21.441879272460938,nan,1959
2549.0,1246,3.0744199752807617,nan,21.546159744262695,nan,1526
3484.0,1645,2.6703500747680664,nan,21.467649459838867,nan,1526
2805.0,1232,3.6304399967193604,nan,21.486679077148438,nan,2767
2251.0,1062,2.624459981918335,nan,21.652420043945312,nan,2027
3551.0,1873,3.6117799282073975,nan,21.784069061279297,nan,2025
3546.0,1597,2.881969928741455,nan,22.071739196777344,nan,3161
1602.0,650,2.625920057296753,nan,22.28862953186035,nan,1512
2743.0,1393,3.6043500900268555,nan,22.24570083618164,nan,1153
2389.0,1085,3.5823400020599365,nan,22.17215919494629,nan,2025
2666.0,1395,2.8905599117279053,nan,22.187700271606445,nan,1518
1995.0,809,3.2156898975372314,nan,22.279600143432617,nan,1673
2398.0,1043,2.835659980773926,nan,22.329790115356445,nan,1958
2301.0,957,2.449049949645996,nan,22.345640182495117,nan,1984
2041.0,901,3.1719000339508057,nan,22.355260848999023,nan,1955
2588.0,1387,3.404449939727783,nan,22.248580932617188,nan,1246
1908.0,1034,2.6430299282073975,nan,22.378259658813477,nan,1150
1634.0,783,3.428839921951294,nan,22.34337043762207,nan,1246
1914.0,899,3.0321500301361084,nan,22.21552085876465,nan,1675
4083.0,17580,1.8386199474334717,nan,13.785420417785645,nan,3161
2988.0,8154,0.4774799942970276,nan,1.6148099899291992,nan,1241
1917.0,916,1.0877599716186523,nan,3.441459894180298,nan,1780
3432.0,1644,1.3377599716186523,nan,5.892300128936768,nan,1422
1524.0,808,1.5057799816131592,nan,7.93326997756958,nan,1439
3013.0,1497,1.7166600227355957,nan,10.11050033569336,nan,1245
1686.0,809,2.05826997756958,nan,11.740280151367188,nan,1443
2039.0,912,2.2743399143218994,nan,12.845809936523438,nan,1958
3683.0,1851,2.548419952392578,nan,14.616660118103027,nan,2761
2557.0,1250,3.1858201026916504,nan,16.25741958618164,nan,1954
2515.0,1121,2.0425000190734863,nan,17.2880802154541,nan,1959
2513.0,1094,2.834049940109253,nan,17.93470001220703,nan,1958
3564.0,1594,3.2591099739074707,nan,18.613500595092773,nan,1434
1860.0,1015,3.07532000541687,nan,19.407960891723633,nan,1804
3206.0,1597,3.1366500854492188,nan,19.810819625854492,nan,2027
2177.0,1106,2.952120065689087,nan,19.789749145507812,nan,1984
2750.0,1376,3.1910300254821777,nan,20.010509490966797,nan,2474
1982.0,1087,2.5122499465942383,nan,20.516820907592773,nan,1225
1908.0,891,2.5495800971984863,nan,20.539180755615234,nan,1130
2572.0,1095,2.4103798866271973,nan,20.66684913635254,nan,1788
1813.0,827,1.996000051498413,nan,20.739830017089844,nan,1414
2554.0,1233,2.949700117111206,nan,20.674299240112305,nan,1513
2849.0,1223,3.1709699630737305,nan,20.808950424194336,nan,1242
2190.0,971,3.7673499584198,nan,21.174020767211914,nan,1434
5082.0,2489,2.658750057220459,nan,21.53676986694336,nan,3161
2320.0,1167,3.1887199878692627,nan,21.77733039855957,nan,1528
1087.0,459,2.88919997215271,nan,22.105670928955078,nan,675
1115.0,535,2.239409923553467,nan,22.37451934814453,nan,704
1096.0,563,2.918329954147339,nan,22.47920036315918,nan,682
1601.0,953,3.2942800521850586,nan,22.476909637451172,nan,823
1574.0,862,3.194999933242798,nan,22.218080520629883,nan,1512
2629.0,1180,3.1706700325012207,nan,22.08077049255371,nan,1433
2455.0,1506,3.7078299522399902,nan,21.574260711669922,nan,1127
3528.0,1829,3.5414600372314453,nan,21.286420822143555,nan,1435
1094.0,615,3.879810094833374,nan,20.990779876708984,nan,685
2094.0,1093,3.2151401042938232,nan,20.794309616088867,nan,2018
1093.0,453,2.3089499473571777,nan,20.749900817871094,nan,675
1518.0,834,3.592859983444214,nan,20.593080520629883,nan,1129
2573.0,1300,3.3694100379943848,nan,20.31991958618164,nan,1541
3221.0,1700,3.3326499462127686,nan,20.528900146484375,nan,1225
1659.0,869,3.3958399295806885,nan,20.27638053894043,nan,1434
2426.0,1293,3.966599941253662,nan,20.24618911743164,nan,1242
1451.0,589,3.4239799976348877,nan,20.625219345092773,nan,678
735.0,333,3.1098499298095703,nan,20.597909927368164,nan,315
3893.0,2351,3.487499952316284,nan,20.789880752563477,nan,1938
3383.0,1463,2.969019889831543,nan,21.102710723876953,nan,1803
1678.0,769,2.4740500450134277,nan,21.424060821533203,nan,1439
2567.0,1200,3.69146990776062,nan,21.332759857177734,nan,1527
2340.0,1121,3.225909948348999,nan,21.28384017944336,nan,1524
1830.0,802,2.4811699390411377,nan,21.320079803466797,nan,1799
2532.0,1253,3.4799599647521973,nan,20.842439651489258,nan,2473
1886.0,848,2.8791699409484863,nan,20.46548080444336,nan,1662
3389.0,1546,2.801640033721924,nan,20.459680557250977,nan,3161
735.0,339,4.8043599128723145,nan,20.61355972290039,nan,315
1510.0,926,3.4781899452209473,nan,20.46657943725586,nan,1124
2445.0,1189,3.14136004447937,nan,20.654939651489258,nan,1433
3166.0,1605,3.548880100250244,nan,20.781160354614258,nan,1154
1916.0,960,3.377350091934204,nan,20.902240753173828,nan,1138
1928.0,1131,3.28016996383667,nan,20.919639587402344,nan,1131
2720.0,1306,2.5596699714660645,nan,20.744029998779297,nan,1948
2527.0,1103,3.5780699253082275,nan,20.619850158691406,nan,2472
4983.0,2201,2.8734700679779053,nan,20.635929107666016,nan,3161
1893.0,761,2.772089958190918,nan,21.093969345092773,nan,1800
2985.0,1252,2.3608999252319336,nan,21.306760787963867,nan,1789
3157.0,1451,2.7012898921966553,nan,21.32084083557129,nan,1155
4608.0,2077,3.0989201068878174,nan,21.60689926147461,nan,3161
2860.0,1220,2.818429946899414,nan,21.969280242919922,nan,1677
1834.0,905,2.6161201000213623,nan,22.065099716186523,nan,1656
2333.0,1201,2.488369941711426,nan,22.094379425048828,nan,1136
2425.0,1355,2.748660087585449,nan,22.234920501708984,nan,1245
2987.0,1487,3.7384300231933594,nan,22.25074005126953,nan,1433
1703.0,1007,3.8389699459075928,nan,22.06321907043457,nan,899
2835.0,1627,3.079890012741089,nan,22.195980072021484,nan,1668
1527.0,671,3.1199400424957275,nan,21.870819091796875,nan,1130
1927.0,1034,3.933799982070923,nan,21.718219757080078,nan,1127
2500.0,1199,3.919260025024414,nan,21.48866081237793,nan,1958
2356.0,972,4.465320110321045,nan,21.249040603637695,nan,1788
1920.0,789,3.0114998817443848,nan,21.268169403076172,nan,1525
2708.0,1155,3.177989959716797,nan,21.362560272216797,nan,1959
3873.0,1887,3.323960065841675,nan,21.492830276489258,nan,3161
1919.0,880,4.04803991317749,nan,21.533620834350586,nan,1679
3484.0,1700,3.1727700233459473,nan,21.712160110473633,nan,3161
1648.0,855,3.2352399826049805,nan,21.707019805908203,nan,1274
2111.0,1313,3.960520029067993,nan,21.62274932861328,nan,1239
2048.0,877,2.7079501152038574,nan,21.5026798248291,nan,1963
1887.0,977,2.99507999420166,nan,21.394840240478516,nan,1127
1850.0,887,3.9532101154327393,nan,21.292709350585938,nan,1529
3731.0,1897,3.5155999660491943,nan,21.199060440063477,nan,3161
3655.0,2113,2.9554901123046875,nan,21.331640243530273,nan,3161
2369.0,967,3.5371201038360596,nan,21.330339431762695,nan,1960
3645.0,1652,3.1577799320220947,nan,21.315080642700195,nan,2471
1519.0,682,3.6517601013183594,nan,21.199859619140625,nan,1129
1859.0,900,3.2117199897766113,nan,21.098560333251953,nan,1796
4558.0,2413,2.8961400985717773,nan,21.348770141601562,nan,3161
4639.0,2435,2.654670000076294,nan,21.47369956970215,nan,3161
1889.0,999,2.1235599517822266,nan,21.332490921020508,nan,1129
2508.0,1355,2.830470085144043,nan,21.434200286865234,nan,2470
3852.0,1964,2.8374600410461426,nan,21.12468910217285,nan,3161
3088.0,1348,2.19215989112854,nan,20.962980270385742,nan,2474
2056.0,1030,3.1623599529266357,nan,20.585670471191406,nan,2027
1823.0,769,3.6092000007629395,nan,20.467819213867188,nan,1433
1529.0,802,2.0957400798797607,nan,20.52705955505371,nan,1128
2434.0,1233,2.913180112838745,nan,20.50421905517578,nan,1415
1218.0,809,2.356300115585327,nan,20.610319137573242,nan,832
2561.0,1334,3.4518399238586426,nan,20.39491081237793,nan,1524
2778.0,1636,3.091209888458252,nan,20.215110778808594,nan,1131
1540.0,667,3.5895299911499023,nan,20.22191047668457,nan,1130
724.0,337,4.28957986831665,nan,20.339040756225586,nan,315
1608.0,869,3.6824300289154053,nan,20.36794090270996,nan,1524
1532.0,787,3.4751100540161133,nan,20.49135971069336,nan,1130
1473.0,942,3.5727200508117676,nan,20.568679809570312,nan,1129
2388.0,1031,3.934079885482788,nan,20.632070541381836,nan,1959
1834.0,834,3.5690701007843018,nan,20.554279327392578,nan,1438
2278.0,991,4.755090236663818,nan,20.339380264282227,nan,1524
1655.0,777,3.6411800384521484,nan,20.326059341430664,nan,1434
1519.0,815,2.7896199226379395,nan,20.420740127563477,nan,1130
2240.0,1340,4.031680107116699,nan,20.432039260864258,nan,1439
2833.0,1155,3.981980085372925,nan,20.529619216918945,nan,1239
2411.0,1326,3.5478999614715576,nan,20.66493034362793,nan,1219
3501.0,1706,3.232830047607422,nan,20.82402992248535,nan,3161
1585.0,820,3.0388100147247314,nan,20.931779861450195,nan,1525
3145.0,1344,3.500040054321289,nan,21.120290756225586,nan,1955
2636.0,1439,3.087470054626465,nan,21.25588035583496,nan,1527
2318.0,1196,2.9686200618743896,nan,21.22344970703125,nan,1129
2571.0,1249,2.8025100231170654,nan,21.225210189819336,nan,1961
2240.0,1202,3.211019992828369,nan,21.215290069580078,nan,2020
2617.0,1493,3.4660699367523193,nan,21.19384002685547,nan,1438
2434.0,1427,2.8845601081848145,nan,21.06097984313965,nan,1675
2739.0,1318,3.7642199993133545,nan,20.89211082458496,nan,1151
2380.0,1374,2.9905500411987305,nan,20.8001708984375,nan,1418
2879.0,1386,3.4054200649261475,nan,20.700429916381836,nan,2475
2148.0,1116,2.886240005493164,nan,20.692110061645508,nan,1439
1925.0,1036,2.884040117263794,nan,20.49432945251465,nan,1149
1629.0,1046,2.986999988555908,nan,20.46858024597168,nan,1434
2159.0,1022,3.5047500133514404,nan,20.246980667114258,nan,1960
2597.0,1094,3.699320077896118,nan,20.238300323486328,nan,2019
1747.0,990,3.0300099849700928,nan,20.359699249267578,nan,1671
2695.0,1296,3.568380117416382,nan,20.202600479125977,nan,2471
5738.0,3013,3.4898500442504883,nan,20.324390411376953,nan,3161
1595.0,730,2.7784600257873535,nan,20.279399871826172,nan,1524
1906.0,982,3.5416500568389893,nan,20.28483009338379,nan,1129
2114.0,1086,3.3490500450134277,nan,20.380159378051758,nan,1579
2081.0,916,2.9625699520111084,nan,20.5993595123291,nan,1796
1101.0,481,3.6800498962402344,nan,20.690799713134766,nan,683
2618.0,1139,3.4845900535583496,nan,20.743690490722656,nan,2473
2177.0,1235,3.527869939804077,nan,20.935670852661133,nan,1799
4009.0,1728,2.764120101928711,nan,21.12162971496582,nan,2023
2742.0,1311,3.6049699783325195,nan,21.168230056762695,nan,1434
1835.0,1180,3.0610599517822266,nan,21.347450256347656,nan,1800
5094.0,2355,3.112190008163452,nan,21.471599578857422,nan,3161
3334.0,1881,2.941200017929077,nan,21.621360778808594,nan,3161
2231.0,1029,3.4678900241851807,nan,21.320749282836914,nan,1433
2090.0,1031,2.625540018081665,nan,21.2664794921875,nan,1245
1903.0,881,2.8407199382781982,nan,21.263099670410156,nan,1677
2446.0,1063,3.1767399311065674,nan,21.228069305419922,nan,2019
2267.0,1116,3.195549964904785,nan,21.179580688476562,nan,1126
1527.0,743,3.1563398838043213,nan,21.578889846801758,nan,1126
1560.0,666,2.6603798866271973,nan,21.33342933654785,nan,1150
736.0,325,2.7958199977874756,nan,21.346559524536133,nan,315
1218.0,891,3.6338000297546387,nan,21.35017967224121,nan,820
3609.0,2342,3.726490020751953,nan,21.27829933166504,nan,3161
2325.0,1317,3.5615999698638916,nan,21.40751075744629,nan,1131
1735.0,682,3.480609893798828,nan,21.433500289916992,nan,1671
3441.0,1804,3.364799976348877,nan,21.310270309448242,nan,3161
3437.0,1686,3.3031198978424072,nan,20.970190048217773,nan,3161
5505.0,2658,3.1363000869750977,nan,20.63994026184082,nan,3161
2513.0,1271,2.6661899089813232,nan,20.717159271240234,nan,2472
3131.0,1463,3.08516001701355,nan,20.7423095703125,nan,1130
2185.0,1059,2.71382999420166,nan,20.688400268554688,nan,2019
4115.0,1997,2.6077499389648438,nan,20.964330673217773,nan,3161
3244.0,1417,3.073659896850586,nan,21.242599487304688,nan,1244
1139.0,511,2.292479991912842,nan,21.22780990600586,nan,722
2033.0,939,3.0543699264526367,nan,21.198280334472656,nan,1243
3108.0,1530,2.6996700763702393,nan,21.205360412597656,nan,2475
1657.0,1032,4.206679821014404,nan,21.184240341186523,nan,1525
1800.0,1004,2.8585000038146973,nan,21.14621925354004,nan,1677
4518.0,2325,2.9109199047088623,nan,21.033199310302734,nan,3161
1878.0,1080,3.384890079498291,nan,20.86874008178711,nan,1127
1821.0,1043,3.3931899070739746,nan,20.933069229125977,nan,1433
738.0,327,2.1841299533843994,nan,20.95693016052246,nan,315
1634.0,717,3.466749906539917,nan,21.027769088745117,nan,1232
1888.0,803,3.8391799926757812,nan,20.89466094970703,nan,1797
1842.0,797,3.518929958343506,nan,20.920869827270508,nan,1673
2422.0,1654,3.5863399505615234,nan,20.830289840698242,nan,1433
3756.0,1824,2.97514009475708,nan,20.70309066772461,nan,2475
1688.0,718,4.001029968261719,nan,20.65998077392578,nan,1541
3447.0,1571,3.7199299335479736,nan,20.646289825439453,nan,3161
2659.0,1322,2.750109910964966,nan,20.904159545898438,nan,2474
2041.0,893,3.1916399002075195,nan,21.068960189819336,nan,1801
4768.0,3382,3.1210200786590576,nan,20.87993049621582,nan,3161
2797.0,1362,3.043299913406372,nan,20.978609085083008,nan,1657
3091.0,1889,2.9645299911499023,nan,20.826940536499023,nan,1413
2851.0,1479,2.6274099349975586,nan,20.391340255737305,nan,1664
1530.0,841,2.686389923095703,nan,20.04796028137207,nan,1128
1536.0,740,2.7376201152801514,nan,19.803930282592773,nan,1129
1695.0,773,4.044270038604736,nan,19.336320877075195,nan,1524
1533.0,820,3.2114100456237793,nan,19.304420471191406,nan,1133
2076.0,855,4.000770092010498,nan,19.15699005126953,nan,1677
2168.0,1139,2.718600034713745,nan,19.406879425048828,nan,1248
1664.0,1157,3.5634100437164307,nan,19.596559524536133,nan,898
1942.0,813,3.8297901153564453,nan,19.708650588989258,nan,1129
3187.0,1715,3.1908299922943115,nan,19.952449798583984,nan,1796
5098.0,2489,3.4347500801086426,nan,20.411489486694336,nan,3161
1599.0,788,2.3945300579071045,nan,20.65513038635254,nan,1530
3673.0,1610,2.9015400409698486,nan,20.61511993408203,nan,1680
4001.0,1961,2.686959981918335,nan,20.633729934692383,nan,2474
3364.0,1436,2.9649200439453125,nan,20.72551918029785,nan,1793
2329.0,1106,2.3458800315856934,nan,20.94927978515625,nan,1130
1603.0,827,3.14778995513916,nan,21.325590133666992,nan,1289
3441.0,1626,3.6179399490356445,nan,21.56641960144043,nan,3161
1591.0,916,2.81673002243042,nan,22.041379928588867,nan,1525
1527.0,707,3.1751201152801514,nan,22.037330627441406,nan,1439
2019.0,988,3.5951099395751953,nan,21.942529678344727,nan,1789
2344.0,1035,3.132960081100464,nan,22.001279830932617,nan,1149
1615.0,849,3.404750108718872,nan,21.871259689331055,nan,819
2003.0,923,3.5973401069641113,nan,21.83717918395996,nan,1958
1910.0,1026,4.807270050048828,nan,21.866840362548828,nan,1128
3232.0,1565,3.7554099559783936,nan,21.73242950439453,nan,1240
3837.0,1812,3.3298699855804443,nan,21.486970901489258,nan,3161
3207.0,1451,3.860729932785034,nan,21.454959869384766,nan,2473
1290.0,747,3.08558988571167,nan,21.402339935302734,nan,899
2883.0,1343,3.281559944152832,nan,21.400409698486328,nan,2476
2011.0,898,3.4688000679016113,nan,21.2738094329834,nan,1954
1988.0,1003,3.1211800575256348,nan,21.119140625,nan,1959
723.0,347,3.3482699394226074,nan,21.11417007446289,nan,315
1929.0,1048,2.6984400749206543,nan,21.08473014831543,nan,1129
1659.0,734,2.2883100509643555,nan,21.21615982055664,nan,1523
2098.0,924,3.0380899906158447,nan,21.22528076171875,nan,1946
2839.0,1695,3.477679967880249,nan,21.020750045776367,nan,1149
3567.0,1522,3.498699903488159,nan,20.98841094970703,nan,3161
2860.0,1477,4.203999996185303,nan,20.999839782714844,nan,2469
2122.0,1007,3.2469799518585205,nan,20.963239669799805,nan,1522
3418.0,1465,3.2822799682617188,nan,20.937049865722656,nan,3161
1850.0,817,2.354569911956787,nan,21.04330062866211,nan,1674
1882.0,806,3.277009963989258,nan,21.109689712524414,nan,1796
1520.0,781,2.497659921646118,nan,21.104419708251953,nan,1128
4463.0,1960,2.557029962539673,nan,21.13191032409668,nan,3161
2752.0,1322,2.0252599716186523,nan,21.510700225830078,nan,2018
2715.0,1367,2.7469398975372314,nan,21.739580154418945,nan,1526
4409.0,2099,3.9420900344848633,nan,21.94261932373047,nan,3161
2044.0,808,3.733059883117676,nan,22.071779251098633,nan,1439
2497.0,1172,3.9575400352478027,nan,22.313640594482422,nan,2469
2336.0,1057,2.9531800746917725,nan,22.435670852661133,nan,1130
2566.0,1195,3.089319944381714,nan,22.437210083007812,nan,1524
1477.0,1011,2.9136099815368652,nan,22.49979019165039,nan,1434
2000.0,939,3.1125900745391846,nan,22.338050842285156,nan,1955
1632.0,761,3.4145500659942627,nan,22.317129135131836,nan,1243
2814.0,1255,3.9353699684143066,nan,22.229520797729492,nan,2758
2080.0,950,3.7372500896453857,nan,22.070650100708008,nan,1439
2584.0,1113,3.092479944229126,nan,22.123960494995117,nan,2010
2970.0,1262,2.7302300930023193,nan,22.065879821777344,nan,2471
3412.0,1531,3.546459913253784,nan,22.25366973876953,nan,1414
2700.0,1089,3.192620038986206,nan,22.288820266723633,nan,2474
1572.0,682,2.7166800498962402,nan,22.37820053100586,nan,1517
4059.0,1958,3.1498401165008545,nan,22.57585906982422,nan,2467
1905.0,851,3.099790096282959,nan,22.770299911499023,nan,1527
2539.0,1421,3.095400094985962,nan,22.99020004272461,nan,1791
2012.0,1059,3.149470090866089,nan,22.825469970703125,nan,1960
2103.0,1045,3.1658101081848145,nan,22.721250534057617,nan,2024
1883.0,831,3.3733301162719727,nan,22.666780471801758,nan,1129
2044.0,1029,3.4267799854278564,nan,22.570560455322266,nan,2024
1498.0,786,3.2690300941467285,nan,22.44108009338379,nan,1122
3130.0,1590,3.5193300247192383,nan,22.274999618530273,nan,1132
1525.0,777,3.062809944152832,nan,22.031719207763672,nan,1439
4446.0,2139,3.6700799465179443,nan,21.868099212646484,nan,3161
4836.0,2452,3.2694900035858154,nan,21.294050216674805,nan,3161
1550.0,710,3.0190000534057617,nan,21.16291046142578,nan,1512
1520.0,825,2.463629961013794,nan,21.2768497467041,nan,1130
1926.0,825,3.6560299396514893,nan,20.971479415893555,nan,1524
1536.0,656,2.8678500652313232,nan,21.17544937133789,nan,1125
2007.0,859,2.8560900688171387,nan,21.052780151367188,nan,1243
2690.0,1241,3.4020400047302246,nan,20.993370056152344,nan,1129
3267.0,1627,3.187969923019409,nan,21.135770797729492,nan,1273
2713.0,1552,3.539949893951416,nan,21.18073081970215,nan,1434
3414.0,1813,3.6992499828338623,nan,21.330039978027344,nan,1435
1616.0,739,3.3931798934936523,nan,21.374300003051758,nan,1522
6054.0,2857,3.5506699085235596,nan,21.262039184570312,nan,3161
1739.0,911,3.0803399085998535,nan,21.141029357910156,nan,1525
3963.0,2186,2.784450054168701,nan,20.94774055480957,nan,3161
2325.0,1234,2.31141996383667,nan,20.78285026550293,nan,1129
2471.0,994,2.5033600330352783,nan,20.624080657958984,nan,2026
1987.0,921,2.977489948272705,nan,20.567909240722656,nan,1674
3035.0,1415,2.9464800357818604,nan,20.611099243164062,nan,2748
3498.0,1651,2.841370105743408,nan,20.8039608001709,nan,2476
2812.0,1277,2.7877299785614014,nan,21.014720916748047,nan,1512
4780.0,10319,2.361989974975586,nan,19.310640335083008,nan,3161
3757.0,2603,0.9463800191879272,nan,13.105420112609863,nan,2747
1623.0,1218,0.7411800026893616,nan,12.66034984588623,nan,1522
3050.0,2262,1.0879299640655518,nan,12.774999618530273,nan,1415
2383.0,1657,1.238029956817627,nan,13.131409645080566,nan,1221
3019.0,2261,1.2360600233078003,nan,13.585559844970703,nan,1401
2286.0,2010,1.642259955406189,nan,13.864649772644043,nan,1139
1868.0,1552,1.871150016784668,nan,13.806440353393555,nan,1138
1778.0,1569,1.616819977760315,nan,13.744239807128906,nan,898
1473.0,1260,1.555459976196289,nan,13.71090030670166,nan,1126
3985.0,2874,1.626520037651062,nan,13.491920471191406,nan,2470
724.0,367,2.0173399448394775,nan,13.338839530944824,nan,315
2179.0,1784,2.014899969100952,nan,14.104849815368652,nan,1436
1523.0,939,2.214859962463379,nan,14.165590286254883,nan,1126
738.0,327,2.036210060119629,nan,14.178879737854004,nan,315
1102.0,793,2.588170051574707,nan,14.40697956085205,nan,707
3142.0,2456,2.3079099655151367,nan,14.590009689331055,nan,1525
4906.0,2286,2.387120008468628,nan,15.484700202941895,nan,3161
3983.0,1806,2.5883100032806396,nan,16.868120193481445,nan,3161
3454.0,1560,3.3662400245666504,nan,17.67184066772461,nan,3161
3649.0,1542,2.5167899131774902,nan,18.530410766601562,nan,1543
1925.0,907,2.822510004043579,nan,18.799360275268555,nan,1149
1493.0,761,2.5211598873138428,nan,19.266510009765625,nan,722
1143.0,483,3.196899890899658,nan,19.521730422973633,nan,722
741.0,335,4.301040172576904,nan,19.686790466308594,nan,316
4987.0,3253,3.6843199729919434,nan,19.975740432739258,nan,3161
1853.0,878,2.792799949645996,nan,19.926679611206055,nan,1793
2811.0,1272,3.04653000831604,nan,20.184240341186523,nan,1240
3379.0,1671,3.838860034942627,nan,20.492429733276367,nan,3161
1716.0,871,3.916559934616089,nan,20.72273063659668,nan,1663
3073.0,1557,2.841860055923462,nan,20.63443946838379,nan,1824
3134.0,1437,3.3858299255371094,nan,20.53754997253418,nan,1983
5817.0,3290,2.7918999195098877,nan,20.446699142456055,nan,3161
1977.0,1230,3.089440107345581,nan,20.127269744873047,nan,1961
722.0,373,3.0224099159240723,nan,20.007150650024414,nan,313
1912.0,829,2.805150032043457,nan,20.051719665527344,nan,1667
1448.0,623,2.6378700733184814,nan,20.011699676513672,nan,679
2087.0,871,3.6751298904418945,nan,19.976009368896484,nan,1439
2036.0,885,3.4527599811553955,nan,20.07900047302246,nan,1796
1678.0,727,3.131380081176758,nan,20.023319244384766,nan,1438
2933.0,1533,3.5288898944854736,nan,20.065799713134766,nan,1790
2054.0,885,3.7356200218200684,nan,19.909860610961914,nan,1967
1539.0,705,3.2967000007629395,nan,20.23764991760254,nan,1130
2125.0,869,4.675739765167236,nan,20.40920066833496,nan,1959
4485.0,1869,3.485340118408203,nan,21.028629302978516,nan,3161
2464.0,1299,3.3633499145507812,nan,21.797679901123047,nan,1129
3832.0,9526,2.897779941558838,nan,19.660110473632812,nan,3161
5368.0,6078,1.3473600149154663,nan,11.33041000366211,nan,3161
2914.0,1557,1.8007099628448486,nan,9.559900283813477,nan,2026
4075.0,2473,2.3650999069213867,nan,10.293899536132812,nan,3161
3453.0,1573,2.614449977874756,nan,11.15707015991211,nan,3161
1444.0,987,2.1800999641418457,nan,11.650360107421875,nan,1414
3338.0,2085,2.632620096206665,nan,12.638330459594727,nan,1244
3926.0,1743,2.2833399772644043,nan,14.295029640197754,nan,3161
4842.0,2161,2.1952500343322754,nan,15.748089790344238,nan,3161
3397.0,1882,2.2332301139831543,nan,17.06920051574707,nan,1413
3926.0,1791,2.209709882736206,nan,17.899879455566406,nan,3161
2048.0,876,2.5443499088287354,nan,18.56545066833496,nan,1961
3208.0,1509,2.2797799110412598,nan,19.22332000732422,nan,1210
2804.0,1306,2.9871599674224854,nan,19.59638023376465,nan,2761
2331.0,1159,2.6966400146484375,nan,19.84303092956543,nan,1949
2373.0,1034,2.816659927368164,nan,20.116119384765625,nan,1127
2792.0,1286,2.6456499099731445,nan,20.448009490966797,nan,1789
1492.0,1014,3.1051599979400635,nan,20.687280654907227,nan,1434
1520.0,765,2.762739896774292,nan,20.794620513916016,nan,1439
2064.0,974,3.3159499168395996,nan,20.85405921936035,nan,2019
2873.0,1307,3.1521499156951904,nan,20.93522071838379,nan,2476
1527.0,813,3.6721200942993164,nan,20.957059860229492,nan,1127
3580.0,1674,3.7268199920654297,nan,21.02474021911621,nan,3161
2916.0,1215,3.3197898864746094,nan,21.053319931030273,nan,2761
2038.0,821,2.6151599884033203,nan,21.057830810546875,nan,1959
1490.0,745,2.80184006690979,nan,21.16077995300293,nan,1438
3918.0,1775,3.8539600372314453,nan,21.32971954345703,nan,3161
2694.0,1387,3.873650074005127,nan,21.665660858154297,nan,1127
2019.0,1053,3.3452200889587402,nan,21.607410430908203,nan,1245
3460.0,1577,2.9169299602508545,nan,21.523880004882812,nan,2472
2323.0,1173,3.395900011062622,nan,21.63718032836914,nan,1128
738.0,333,4.238739967346191,nan,21.71293067932129,nan,315
1540.0,674,2.9497599601745605,nan,21.767749786376953,nan,1128
2319.0,1030,2.909899950027466,nan,21.71401023864746,nan,1128
1919.0,788,3.8979899883270264,nan,21.578489303588867,nan,1673
4196.0,2376,3.957289934158325,nan,21.534639358520508,nan,3161
4929.0,9680,2.6257400512695312,nan,19.44281005859375,nan,3161
682.0,479,1.3804899454116821,nan,14.413769721984863,nan,298
680.0,481,1.4126299619674683,nan,14.111080169677734,nan,296
680.0,481,1.444409966468811,nan,13.91821002960205,nan,296
679.0,479,0.8232100009918213,nan,13.836790084838867,nan,296
680.0,481,1.0324300527572632,nan,13.71858024597168,nan,296
680.0,477,1.5953999757766724,nan,13.750349998474121,nan,296
684.0,473,1.432610034942627,nan,13.567339897155762,nan,300
679.0,481,2.203350067138672,nan,13.481800079345703,nan,296
680.0,481,2.300990104675293,nan,13.554570198059082,nan,296
682.0,479,1.8100500106811523,nan,13.627090454101562,nan,296
682.0,475,1.432629942893982,nan,13.815150260925293,nan,297
2420.0,7089,2.2923800945281982,nan,12.733659744262695,nan,1403
1895.0,763,1.6172300577163696,nan,10.954019546508789,nan,1802
1820.0,753,1.7979300022125244,nan,12.1881103515625,nan,1414
1969.0,1156,1.4737600088119507,nan,13.30049991607666,nan,1789
2416.0,1050,1.296839952468872,nan,14.322310447692871,nan,2024
4962.0,2598,1.7535799741744995,nan,16.026290893554688,nan,3161
4477.0,2296,2.4585399627685547,nan,17.88068962097168,nan,3161
3266.0,1471,2.958820104598999,nan,18.715579986572266,nan,2475
3230.0,1595,2.269819974899292,nan,19.131439208984375,nan,1958
2266.0,1139,2.467449903488159,nan,19.562639236450195,nan,1126
2055.0,915,2.2306900024414062,nan,19.709510803222656,nan,2024
2197.0,1045,2.5742599964141846,nan,19.884700775146484,nan,1959
2829.0,1666,3.4004299640655518,nan,19.912939071655273,nan,1663
2825.0,1327,2.7070000171661377,nan,20.031940460205078,nan,1246
2073.0,947,2.6554200649261475,nan,20.428119659423828,nan,1676
2043.0,815,2.2218399047851562,nan,20.752700805664062,nan,1797
2305.0,1634,3.5877199172973633,nan,20.42173957824707,nan,1130
3122.0,1404,3.6109399795532227,nan,20.26927947998047,nan,2469
1103.0,485,2.2726900577545166,nan,20.365280151367188,nan,690
2458.0,1152,2.5512399673461914,nan,20.52849006652832,nan,1262
1726.0,789,3.0055201053619385,nan,20.633169174194336,nan,1667
2829.0,1303,3.2058699131011963,nan,20.78441047668457,nan,1254
1617.0,764,2.325500011444092,nan,20.822589874267578,nan,1521
1873.0,734,3.2936201095581055,nan,20.7593994140625,nan,1677
4813.0,2411,3.3045101165771484,nan,21.049020767211914,nan,3161
2321.0,1343,3.36542010307312,nan,21.17424964904785,nan,1130
2464.0,1106,3.00465989112854,nan,21.24489974975586,nan,1439
2002.0,1015,2.7537899017333984,nan,21.396499633789062,nan,1129
2479.0,1158,3.698889970779419,nan,21.49247932434082,nan,1439
3143.0,1622,3.919490098953247,nan,20.975910186767578,nan,2761
5374.0,2632,2.7281999588012695,nan,20.87042999267578,nan,3161
5064.0,2879,2.4453001022338867,nan,20.595670700073242,nan,3161
1886.0,842,3.4548099040985107,nan,20.441919326782227,nan,1128
3624.0,1830,2.458019971847534,nan,20.24959945678711,nan,2475
2643.0,1151,2.28344988822937,nan,20.324159622192383,nan,2024
2080.0,905,2.5447299480438232,nan,20.1810302734375,nan,1950
2353.0,1039,2.946700096130371,nan,20.342430114746094,nan,1955
2082.0,861,2.6265199184417725,nan,20.622949600219727,nan,2018
1653.0,889,2.692699909210205,nan,20.825420379638672,nan,1437
1771.0,721,2.741770029067993,nan,20.85148048400879,nan,1676
1811.0,1005,3.0298800468444824,nan,20.898820877075195,nan,1433
2193.0,851,3.9648499488830566,nan,21.064319610595703,nan,1795
1835.0,783,3.0423800945281982,nan,21.271259307861328,nan,1433
1537.0,641,4.696919918060303,nan,21.480249404907227,nan,1129
3028.0,1341,3.3456599712371826,nan,21.773069381713867,nan,2764
1534.0,723,4.176370143890381,nan,21.953670501708984,nan,1128
2683.0,1329,4.16648006439209,nan,21.814329147338867,nan,1129
3020.0,1292,3.4406800270080566,nan,21.842119216918945,nan,2472
1811.0,817,4.225520133972168,nan,21.854259490966797,nan,1518
2025.0,990,3.803800106048584,nan,21.93560028076172,nan,1128
2929.0,1784,3.352839946746826,nan,22.28282928466797,nan,1244
5525.0,3082,3.5980799198150635,nan,22.072479248046875,nan,3161
2718.0,1415,2.944550037384033,nan,21.265119552612305,nan,1544
3504.0,1504,3.1494998931884766,nan,21.0743408203125,nan,1958
3011.0,1287,1.9820400476455688,nan,21.178180694580078,nan,2471
3622.0,1759,2.6458001136779785,nan,21.17030906677246,nan,1524
1896.0,825,3.029710054397583,nan,21.29589080810547,nan,1129
1973.0,845,3.2802700996398926,nan,21.631759643554688,nan,1795
4785.0,2575,3.120699882507324,nan,21.63677978515625,nan,3161
1942.0,831,3.2534101009368896,nan,21.79844093322754,nan,1128
1501.0,823,2.8242900371551514,nan,22.021499633789062,nan,1439
2036.0,841,3.7230899333953857,nan,22.050979614257812,nan,1796
1884.0,807,3.1291399002075195,nan,22.08846092224121,nan,1128
1808.0,793,3.6922800540924072,nan,22.103519439697266,nan,1675
1110.0,555,2.4388599395751953,nan,22.163660049438477,nan,706
2602.0,1305,3.4497599601745605,nan,21.928590774536133,nan,1417
2319.0,1074,3.4272100925445557,nan,22.006420135498047,nan,1129
2549.0,1090,3.017359972000122,nan,22.14130973815918,nan,2471
2512.0,1319,3.6290199756622314,nan,22.20387077331543,nan,1797
1735.0,789,3.2771999835968018,nan,22.239360809326172,nan,1674
1772.0,683,3.6897499561309814,nan,22.306739807128906,nan,1675
1529.0,748,3.4492599964141846,nan,22.534080505371094,nan,1439
1680.0,893,3.022559881210327,nan,22.62194061279297,nan,901
3867.0,1776,3.3363099098205566,nan,22.568159103393555,nan,3161
3428.0,1929,3.750999927520752,nan,22.352529525756836,nan,1431
3257.0,1683,2.6265199184417725,nan,22.185819625854492,nan,2469
4309.0,2183,3.306849956512451,nan,22.112810134887695,nan,3161
2604.0,1287,2.584520101547241,nan,22.034299850463867,nan,1415
1119.0,525,3.0622200965881348,nan,21.68733024597168,nan,705
2375.0,1295,2.8365399837493896,nan,21.307470321655273,nan,1408
2354.0,1292,2.305649995803833,nan,21.036989212036133,nan,1965
1956.0,910,3.054680109024048,nan,20.604690551757812,nan,1799
3238.0,1570,3.116070032119751,nan,20.45309066772461,nan,1245
2018.0,993,2.972599983215332,nan,20.52092933654785,nan,1785
1543.0,675,2.967819929122925,nan,20.47776985168457,nan,1150
1899.0,1113,2.8528199195861816,nan,20.49213981628418,nan,1129
3922.0,1664,3.3595900535583496,nan,20.6739501953125,nan,3161
2639.0,1085,2.7548201084136963,nan,20.850099563598633,nan,2474
1999.0,940,3.3530800342559814,nan,21.153400421142578,nan,1958
3062.0,1586,3.3348400592803955,nan,21.37653923034668,nan,1525
738.0,333,3.4913198947906494,nan,21.499719619750977,nan,315
694.0,411,2.296459913253784,nan,21.56768035888672,nan,302
1521.0,676,3.596169948577881,nan,21.52821922302246,nan,1129
1588.0,980,3.348910093307495,nan,21.816940307617188,nan,1529
2440.0,1188,3.1788899898529053,nan,21.881149291992188,nan,1242
1689.0,721,2.609070062637329,nan,21.775049209594727,nan,1521
4381.0,2584,3.336970090866089,nan,21.50279998779297,nan,3161
1820.0,1056,2.810879945755005,nan,20.90472984313965,nan,1782
2539.0,1345,3.8097400665283203,nan,20.493999481201172,nan,1960
3631.0,1492,3.3451900482177734,nan,20.298500061035156,nan,2475
4560.0,2041,3.0993900299072266,nan,20.486650466918945,nan,2475
2561.0,1129,3.1917500495910645,nan,20.479990005493164,nan,1967
2936.0,1280,2.873810052871704,nan,20.658050537109375,nan,1792
3578.0,1645,3.0502800941467285,nan,20.777910232543945,nan,2029
3867.0,1789,2.3545000553131104,nan,21.205440521240234,nan,2760
1308.0,717,2.852530002593994,nan,21.462080001831055,nan,900
4147.0,1991,3.0223400592803955,nan,21.548240661621094,nan,2025
2187.0,1099,2.5213100910186768,nan,21.755239486694336,nan,2025
1671.0,933,2.242990016937256,nan,21.872159957885742,nan,1439
2586.0,1333,2.890239953994751,nan,21.748170852661133,nan,1819
2799.0,1490,2.6694400310516357,nan,21.73097038269043,nan,1790
1623.0,687,3.508660078048706,nan,21.62175941467285,nan,1526
2681.0,1199,2.9409799575805664,nan,21.639490127563477,nan,2476
1505.0,791,3.0416901111602783,nan,21.50901985168457,nan,1439
2145.0,962,2.8252499103546143,nan,21.528539657592773,nan,2025
2583.0,1264,3.1356499195098877,nan,21.291200637817383,nan,1985
2547.0,1196,3.848759889602661,nan,21.28095054626465,nan,2475
2278.0,955,3.8053500652313232,nan,21.140439987182617,nan,1525
1909.0,1371,3.0992801189422607,nan,21.281070709228516,nan,1127
5432.0,2728,3.647049903869629,nan,21.38405990600586,nan,3161
3394.0,1715,3.301110029220581,nan,21.306440353393555,nan,2026
2071.0,977,3.1966099739074707,nan,21.272159576416016,nan,2023
2053.0,1267,2.812540054321289,nan,21.045949935913086,nan,1679
1770.0,825,2.855910062789917,nan,20.84830093383789,nan,1680
1856.0,800,3.5012900829315186,nan,20.783809661865234,nan,1793
3118.0,1740,3.0908501148223877,nan,20.605350494384766,nan,1129
2590.0,1418,3.0687100887298584,nan,20.559450149536133,nan,1401
2352.0,1119,2.9569499492645264,nan,20.495100021362305,nan,1149
3086.0,1761,3.2894399166107178,nan,20.313390731811523,nan,1403
3600.0,2118,3.045380115509033,nan,20.43876075744629,nan,1415
2002.0,1090,2.4557700157165527,nan,20.208690643310547,nan,1946
3075.0,1442,2.917710065841675,nan,20.106220245361328,nan,2470
1899.0,1075,2.423680067062378,nan,19.990070343017578,nan,1785
1993.0,977,3.0516700744628906,nan,19.78680992126465,nan,1235
5345.0,2956,2.7607901096343994,nan,19.796009063720703,nan,3161
2544.0,1427,2.7704598903656006,nan,19.565309524536133,nan,1246
4108.0,1945,2.191920042037964,nan,19.27191925048828,nan,3161
3859.0,1781,3.079590082168579,nan,19.159400939941406,nan,3161
5909.0,2829,2.3297901153564453,nan,19.593799591064453,nan,3161
2631.0,1246,2.3665900230407715,nan,20.067399978637695,nan,2473
3045.0,1415,2.6374800205230713,nan,20.312589645385742,nan,2474
1575.0,793,2.761169910430908,nan,20.804630279541016,nan,1525
2077.0,975,2.2965500354766846,nan,21.06938934326172,nan,1959
4891.0,2204,2.835020065307617,nan,21.234670639038086,nan,3161
1547.0,825,2.311110019683838,nan,21.347429275512695,nan,1150
2957.0,1436,2.9990899562835693,nan,21.353960037231445,nan,1790
1521.0,781,2.3004701137542725,nan,21.40593910217285,nan,1129
1644.0,827,3.211709976196289,nan,21.49131965637207,nan,1245
2939.0,1539,3.248070001602173,nan,21.58094024658203,nan,1246
2625.0,1394,2.7779200077056885,nan,21.274810791015625,nan,1435
2906.0,1279,3.35086989402771,nan,21.088289260864258,nan,2761
4283.0,2345,2.7889599800109863,nan,20.917940139770508,nan,3161
2779.0,1449,3.303760051727295,nan,20.872989654541016,nan,1529
1676.0,957,3.4021499156951904,nan,20.716760635375977,nan,899
1637.0,801,2.6526598930358887,nan,20.738000869750977,nan,1429
4676.0,2465,2.7185099124908447,nan,20.774330139160156,nan,3161
3206.0,1874,2.8918299674987793,nan,20.755699157714844,nan,1225
3988.0,2088,2.7753000259399414,nan,20.497859954833984,nan,2472
1814.0,828,3.1319499015808105,nan,20.425500869750977,nan,1434
3658.0,1918,2.8756000995635986,nan,20.143089294433594,nan,3161
2325.0,1181,2.016309976577759,nan,20.217130661010742,nan,1128
1801.0,1296,2.121999979019165,nan,20.197240829467773,nan,1673
2370.0,1200,2.2244598865509033,nan,20.009769439697266,nan,1977
2141.0,961,3.0858800411224365,nan,20.221559524536133,nan,1526
1836.0,767,2.9858899116516113,nan,20.2609806060791,nan,1678
1639.0,691,2.999969959259033,nan,20.296449661254883,nan,1233
1590.0,678,2.9227099418640137,nan,20.411319732666016,nan,1523
1875.0,904,3.7504799365997314,nan,20.52142906188965,nan,1130
1498.0,649,2.7679200172424316,nan,20.497379302978516,nan,1438
1532.0,847,3.177570104598999,nan,20.58241081237793,nan,1130
2072.0,1168,3.231410026550293,nan,20.781930923461914,nan,1439
3065.0,1487,3.506999969482422,nan,20.723329544067383,nan,1956
2448.0,1371,3.463279962539673,nan,20.709510803222656,nan,1523
1459.0,747,3.8737900257110596,nan,20.711599349975586,nan,1433
3120.0,1425,3.7951900959014893,nan,20.865859985351562,nan,1522
2357.0,1091,3.716049909591675,nan,21.073650360107422,nan,1952
6024.0,2963,3.624350070953369,nan,21.08506965637207,nan,3161
2834.0,1133,2.459439992904663,nan,21.24942970275879,nan,1679
4325.0,2334,2.4695799350738525,nan,21.29075050354004,nan,3161
2864.0,1489,2.473870038986206,nan,21.408660888671875,nan,2476
3128.0,1351,2.3264000415802,nan,21.24595069885254,nan,1955
2195.0,1006,2.6839799880981445,nan,21.22093963623047,nan,1963
726.0,355,3.3550400733947754,nan,21.19717025756836,nan,315
3403.0,1607,2.9794600009918213,nan,21.137680053710938,nan,2473
4887.0,3325,2.46628999710083,nan,21.086929321289062,nan,3161
3602.0,1512,3.304529905319214,nan,20.54336929321289,nan,3161
5453.0,2882,2.8137199878692627,nan,20.658000946044922,nan,3161
5035.0,2383,2.5351600646972656,nan,20.565500259399414,nan,3161
4446.0,2092,2.4697000980377197,nan,20.361120223999023,nan,2476
2463.0,1256,2.6705501079559326,nan,20.41731071472168,nan,1245
2020.0,882,2.3539199829101562,nan,20.67530059814453,nan,1798
2101.0,1227,2.1422300338745117,nan,20.732959747314453,nan,1149
1482.0,679,2.9191300868988037,nan,20.700220108032227,nan,1437
3420.0,1716,3.173419952392578,nan,20.629119873046875,nan,3161
2499.0,1388,2.2514100074768066,nan,20.647920608520508,nan,2474
1888.0,797,1.8095500469207764,nan,20.842029571533203,nan,1797
2514.0,1279,3.722209930419922,nan,21.043359756469727,nan,2469
2300.0,963,3.772200107574463,nan,21.029220581054688,nan,1525
2256.0,1117,2.396509885787964,nan,21.090980529785156,nan,1799
2315.0,1151,2.8426899909973145,nan,21.087459564208984,nan,1128
3188.0,1425,3.017199993133545,nan,21.05784034729004,nan,1959
2710.0,1220,2.4566800594329834,nan,21.281999588012695,nan,1149
1902.0,895,2.9807300567626953,nan,21.32366943359375,nan,1522
1895.0,998,3.752039909362793,nan,21.09571075439453,nan,1128
4941.0,2268,2.8508100509643555,nan,21.48444938659668,nan,3161
2261.0,1135,3.1923298835754395,nan,21.39388084411621,nan,2023
2542.0,1110,2.573270082473755,nan,21.30868911743164,nan,2475
2683.0,1274,2.8107500076293945,nan,21.485950469970703,nan,2476
1653.0,765,2.727989912033081,nan,21.397499084472656,nan,1248
1580.0,976,3.318779945373535,nan,21.55936050415039,nan,1525
3956.0,1850,2.700500011444092,nan,21.670000076293945,nan,1984
2100.0,959,3.777329921722412,nan,21.66027069091797,nan,1981
1995.0,937,3.0054900646209717,nan,21.7172908782959,nan,1679
2289.0,1093,2.5144600868225098,nan,21.58839988708496,nan,1525
3560.0,1750,2.9483299255371094,nan,21.61064910888672,nan,3161
2547.0,1143,3.6296799182891846,nan,21.590839385986328,nan,1243
2914.0,1589,2.5885798931121826,nan,21.53976058959961,nan,1243
6332.0,5387,2.712559938430786,nan,21.32084083557129,nan,3161
2735.0,1151,3.071929931640625,nan,19.858320236206055,nan,1418
3434.0,1832,2.5296900272369385,nan,19.091310501098633,nan,3161
3849.0,1670,2.122730016708374,nan,18.576200485229492,nan,3161
1611.0,776,3.47379994392395,nan,18.382110595703125,nan,1524
2024.0,814,2.3481199741363525,nan,18.27120018005371,nan,1962
2251.0,1032,2.9510700702667236,nan,18.22978973388672,nan,1961
2041.0,855,3.067919969558716,nan,18.414709091186523,nan,1797
2123.0,941,3.010590076446533,nan,18.7677001953125,nan,1520
2638.0,1215,2.3632700443267822,nan,19.163619995117188,nan,1522
5129.0,2952,2.70497989654541,nan,19.759010314941406,nan,3161
3449.0,1537,2.8280200958251953,nan,20.025169372558594,nan,3161
2191.0,957,2.993340015411377,nan,20.425460815429688,nan,1417
1586.0,785,3.9416399002075195,nan,20.559919357299805,nan,1524
