0,-5,898,False,374
0,-5,285,False,53
1,-5,685,False,219
0,-5,680,False,135
1,-5,678,False,70
0,-5,280,False,60
0,-5,308,False,31
1,-5,696,False,122
2,-5,298,False,41
3,-5,898,False,208
4,-5,303,False,38
0,-5,289,False,47
1,-5,667,False,109
0,-5,290,False,43
1,-5,311,False,34
0,-5,888,False,721
1,-5,284,False,46
0,-5,265,False,64, 20.43956756591797, 25.54833221435547
1,-5,1421,False,351, 0, 0
2,-5,304,False,40, 61.124366760253906, 76.40306091308594
3,-5,292,False,53, 3.1411707401275635, 3.9262795448303223
0,0,302,False,37, 53.178131103515625, 
 [66.4102554321289, 2.0870115756988525, 0.2895728051662445, 1.1483583450317383]
0,0,296,False,40, 37.050045013427734, 
 [39.630859375, -0.08349024504423141, 44.89244079589844, 4.238837242126465]
1,0,296,False,40, 35.584388732910156, 
 [39.58553695678711, -0.07797694206237793, 31.242950439453125, 3.9193308353424072]
2,0,296,False,40, 34.40968322753906, 
 [39.54045486450195, -0.06915171444416046, 20.42971420288086, 3.637159824371338]
3,0,296,False,40, 33.501094818115234, 
 [39.495513916015625, -0.05699333921074867, 12.210888862609863, 3.3894784450531006]
4,0,296,False,40, 32.83699417114258, 
 [39.450721740722656, -0.04146203398704529, 6.373560905456543, 3.1745736598968506]
5,0,296,False,40, 32.40153503417969, 
 [39.406105041503906, -0.022226091474294662, 2.763333559036255, 2.9904708862304688]
6,0,296,False,40, 32.200653076171875, 
 [39.36156463623047, 0.0037730850744992495, 1.4474252462387085, 2.835179328918457]
7,0,296,False,40, 32.172847747802734, 
 [39.317054748535156, 0.025597399100661278, 1.8039841651916504, 2.7068169116973877]
8,0,296,False,40, 32.17147445678711, 
 [39.27259826660156, 0.038408711552619934, 2.3583784103393555, 2.6069962978363037]
9,0,296,False,40, 32.13658905029297, 
 [39.22815704345703, 0.04055025428533554, 2.4735634326934814, 2.5538108348846436]
10,0,296,False,40, 32.066925048828125, 
 [39.1837043762207, 0.035553786903619766, 2.173659563064575, 2.530754327774048]
11,0,296,False,40, 31.98280143737793, 
 [39.13926315307617, 0.026923464611172676, 1.6872177124023438, 2.5268068313598633]
12,0,296,False,40, 31.903575897216797, 
 [39.094825744628906, 0.017030250281095505, 1.2406672239303589, 2.526747226715088]
13,0,296,False,40, 31.840795516967773, 
 [39.05038833618164, 0.0072096302174031734, 0.9739227294921875, 2.5190653800964355]
14,0,296,False,40, 31.79892349243164, 
 [39.005958557128906, -0.0025806748308241367, 0.9323651790618896, 2.503312349319458]
15,0,296,False,40, 31.764591217041016, 
 [38.96152877807617, -0.00812051072716713, 0.9853515028953552, 2.4800970554351807]
16,0,296,False,40, 31.72345733642578, 
 [38.91710662841797, -0.010207230225205421, 0.986681342124939, 2.450404405593872]
17,0,296,False,40, 31.673126220703125, 
 [38.872684478759766, -0.00925529282540083, 0.9096629023551941, 2.4154281616210938]
18,0,296,False,40, 31.617136001586914, 
 [38.828304290771484, -0.005634969566017389, 0.7862301468849182, 2.3765273094177246]
19,0,296,False,40, 31.562026977539062, 
 [38.78391647338867, 0.0002982119913212955, 0.6790215969085693, 2.3350980281829834]
20,0,296,False,40, 31.51580047607422, 
 [38.73953628540039, 0.00834069587290287, 0.6650754809379578, 2.292487621307373]
0,0,302,False,34, 43.49081039428711, 
 [54.66450500488281, 5.382456302642822, 0.45248353481292725, 1.261002779006958]
1,0,1780,False,297, 70.79888153076172, 
 [88.024169921875, 0.9810770153999329, 1.0362272262573242, 1.8701632022857666]
2,0,312,False,30, 34.32602310180664, 
 [43.2158317565918, 5.056238174438477, 0.48186615109443665, 1.0539681911468506]
3,0,722,False,80, 35.80943298339844, 
 [44.80044937133789, 3.168393135070801, 0.4685104191303253, 1.1953134536743164]
4,0,298,False,36, 43.10043716430664, 
 [54.30050277709961, 6.379471302032471, 0.5030071139335632, 1.2384061813354492]
5,0,1781,False,223, 32.995391845703125, 
 [42.23725509643555, 10.190245628356934, 0.7879708409309387, 0.7290645241737366]
0,0,311,False,30
1,0,710,False,81
2,0,312,False,31
3,0,304,False,38
4,0,314,False,34
5,0,706,False,80
6,0,1433,False,257
7,0,804,False,148
8,0,694,False,94
9,0,1137,False,226
10,0,313,False,31
0,0,679,False,77
0,0,690,False,96
0,0,311,False,33
1,0,302,False,33
2,0,301,False,32
0,0,818,False,140
1,0,308,False,31
2,0,807,False,103
0,0,685,False,92
1,0,1517,False,219
2,0,722,False,89
3,0,1126,False,206
4,0,1441,False,220
5,0,1129,False,124
6,0,299,False,35
7,0,303,False,33
8,0,1428,False,189
0,0,1669,False,219
1,0,678,False,76
2,0,681,False,93
3,0,1417,False,186
4,0,312,False,30
5,0,1419,False,211
6,0,786,False,133
7,0,898,False,159
8,0,1138,False,192
0,0,704,False,68
1,0,898,False,128
2,0,722,False,75
0,0,3161,True,288
1,0,1436,False,150
2,0,3161,True,390
3,0,3161,True,286
4,0,679,False,59
5,0,3161,True,370
6,0,2710,False,164
7,0,2758,False,300
8,0,3161,True,646
9,0,1130,False,113
10,0,2711,False,136
0,0,3161,True,263
1,0,3161,True,336
2,0,3077,False,1996
3,0,3161,True,292
4,0,3161,True,1603
5,0,3161,True,571
0,0,695,False,77
0,0,1122,False,402
0,0,810,False,81
0,0,2015,False,221
0,0,708,False,76
1,0,3161,True,321
